1294
7209
7080
384
8243
1678
874
8878
8699
2995
1768
5285
4968
4955
2702
9420
2036
713
4190
1316
9749
3022
7441
564
7735
9005
8968
945
6894
7696
6840
8271
2868
5469
6357
6624
1256
9915
5235
7717
4263
 42
1833
4240
1045
9412
4223
8615
7941
9474
7976
5675
6468
8335
4926
4129
8948
5704
6658
2371
5215
8520
7249
4418
1289
9796
986
3802
3373
3644
7088
9274
8851
1175
6963
339
4325
7767
8855
4779
1802
5578
929
8737
9978
4409
9555
1838
5788
1911
8542
1495
3197
6005
9083
4610
2098
2287
600
6979
4202
7705
9986
7907
4215
2640
3687
3213
9302
2720
921
8303
8800
2337
8634
8904
5636
9649
507
4891
1088
4448
2942
1979
6937
1461
5792
1305
8233
8981
5966
3397
3974
4848
7869
280
971
4716
1844
3112
5244
2413
1638
9374
5240
6421
6191
615
7151
1823
432
9097
 81
9946
9408
1893
5480
5696
5608
4946
6198
6010
2388
2458
744
7410
2826
1600
8822
5471
5324
5530
9625
4423
5459
8519
7569
3826
4646
8232
2536
2346
6636
7115
775
3186
7157
5774
9002
7738
9221
7263
6167
7713
6779
5377
5634
7373
114
3021
8764
6443
5126
1899
4538
1297
1034
2157
1440
3859
8134
6508
972
8364
2588
3258
7407
5337
9470
1923
3446
2187
4038
3978
2196
2553
4828
1041
6652
5296
9416
9950
7967
9777
4930
9109
3124
8734
2645
1364
6543
6683
4984
6724
2377
7127
1168
5158
5270
4002
2613
776
1653
2958
913
8453
7723
4094
9174
1357
8118
4429
2232
559
2432
2564
4640
1262
7552
4970
4995
118
6399
2015
7245
2520
3163
3510
1662
2357
8431
9688
9008
8745
1822
8061
6871
5445
565
6944
7440
3427
260
5702
3654
7818
3685
6040
7029
8084
7792
1079
8652
416
3391
3520
4189
2934
2148
5157
9493
3439
635
6550
8559
2734
2144
6712
9354
2848
8377
5133
9514
2638
9774
3885
1846
1421
7481
9334
1975
5864
5655
5395
9113
1991
1884
9457
6082
1023
1770
7303
828
9406
1216
1796
9452
1632
5694
3750
398
6222
7109
6820
2331
5147
4558
6970
5086
9382
6026
1732
1227
782
5926
8742
1017
8662
7982
1971
3234
4569
4872
4757
5104
1106
9203
5143
7429
5623
5539
1929
802
1206
5666
2708
8496
154
1259
9781
3652
8749
6966
5558
9659
3474
939
5046
2253
9066
6908
3251
3906
9994
1946
2660
9314
7553
7737
 25
1692
7881
2460
8156
3019
2725
8117
2476
2586
6242
3419
5760
4015
5094
9424
7795
4952
3086
7526
771
3928
1388
2468
6838
2741
4454
4579
5348
1195
9704
3609
5423
3378
2358
8632
2861
9436
7555
8234
2521
7559
2081
4859
4708
1793
6940
 57
7139
2481
7198
2070
693
697
1037
9525
7327
6237
5465
3881
8493
4767
5028
2360
8391
9576
3640
3272
9594
2505
4781
7186
8463
1202
8326
342
373
3447
7276
6986
1311
4524
2652
2292
3970
5460
1582
2448
2949
1367
5818
7371
9734
1529
9023
3136
6686
820
5768
1832
296
2807
1355
6558
4686
4657
4707
7379
4178
7138
192
7137
3983
6703
6800
184
1889
7825
4370
4080
6194
2181
3638
3018
1637
4799
5955
7695
1219
8353
5537
3686
2663
1431
8169
4585
2417
4207
7343
2981
3989
2333
9954
9355
4993
3137
1377
397
9415
2758
9652
6865
710
7204
6870
811
6207
840
 24
1887
6121
9179
4544
7149
7691
7341
487
7183
2527
8203
9426
2503
8316
3535
6305
4688
3316
6643
1982
9299
6330
1636
1111
8545
6135
877
4812
4678
1712
6498
8174
8930
1468
9287
2194
 39
3069
5824
8575
5754
3140
2093
1449
6154
2988
569
3024
8081
2405
5830
4378
8139
5686
1735
7931
6690
313
6827
2749
9750
1883
4530
2309
586
2939
3280
1031
2903
712
1241
2496
6166
1851
6287
7210
9026
5346
6409
1805
2077
3335
7830
 43
4079
4401
6274
4490
934
8900
8263
9160
7244
8716
4305
390
2446
8501
3443
 13
1598
2469
1197
5387
5058
8220
2582
5625
365
2097
7164
8628
1480
7650
788
4589
2606
3487
2919
3238
3733
2295
4615
4056
6569
4904
7710
3646
293
7502
3878
3261
3803
3922
6177
7999
7841
8062
8180
2208
3278
4945
5571
6799
2007
6159
3661
2851
349
9398
3958
650
5179
5016
1507
1549
1920
2404
4352
1594
9480
3002
7258
2614
8330
3106
8342
8270
1169
498
9369
848
1076
488
7969
272
3297
9067
9671
1390
6788
4737
6681
6929
1182
3961
3875
8743
7364
9454
8142
8696
9069
1764
6172
2766
8393
1877
7563
3145
5609
5603
3296
5124
6862
5497
5679
6032
4066
3027
1013
714
9011
665
6527
9717
 19
1989
9711
6509
6709
412
7261
509
896
1103
8607
6734
753
8796
3323
6641
4471
5004
4047
  3
9565
 15
6171
5340
1967
9680
3206
1110
9124
1949
7433
3245
9042
9261
535
1220
6273
8556
9365
8783
2568
9517
7701
6114
5373
9644
350
9502
503
8378
6499
3402
6428
8327
5888
9736
378
3985
4874
7013
9900
3723
3873
6466
8513
8291
7662
4430
9065
2104
8281
5144
3473
105
6241
5368
2393
3357
1452
5736
5211
2356
1026
8868
6452
4517
2724
6777
4338
3584
9332
4540
2485
3479
6758
5872
2073
6798
3333
1528
4630
529
4233
8772
9695
5893
6349
4250
1784
9059
3155
5247
5567
1615
4636
3512
3872
5601
5064
8843
4947
8515
8354
1518
1199
900
1485
2047
831
4592
1287
3084
2291
1633
7987
1166
5043
3898
3508
9971
9791
9841
2425
532
3429
6396
4652
6213
9268
5245
7525
3097
976
2811
203
9579
5114
186
7571
4076
5473
8381
8026
1930
1362
5307
5934
7784
2989
5442
1816
382
3104
8532
9778
4065
145
6829
3043
2603
510
7500
9366
6753
3845
3582
6900
3509
2239
6763
8866
7870
1475
5806
3704
2768
9527
5218
5597
2142
1272
6076
6322
1192
8725
4565
7743
8795
7215
5750
9213
7038
1328
8938
6113
9301
5436
4138
6824
6638
1179
7323
6581
3844
1776
3843
8095
4603
8929
2694
9144
5036
2813
9677
1120
1583
6766
8292
5039
5300
9898
1058
5957
1567
8135
1061
5453
9217
7059
7145
809
1203
905
8837
677
3513
5593
8713
7106
7581
5315
6220
4768
3128
6060
7270
5191
415
9297
1761
9864
4976
9690
1697
4407
3379
9078
2025
7390
1171
3483
1035
9027
6893
3614
331
7287
  2
8305
3742
3669
7640
6503
9435
599
9601
5570
7297
2251
5319
2797
8880
4135
3101
127
393
452
2149
8537
9590
9057
927
7315
6897
3440
6254
9730
130
5000
6951
8593
2262
5936
7548
2314
800
6019
1324
3265
9181
5715
6528
6616
9817
9956
1947
7700
6196
842
1096
4181
5273
2184
4289
3679
4480
9094
4866
4238
1213
3945
7644
7120
2463
8103
6336
6173
5948
6539
6529
9635
9801
3554
6898
9030
9738
2787
479
141
8396
1226
3396
380
7152
5455
9935
6021
2688
8213
839
2831
2259
3045
6774
4258
5339
4484
1275
786
4815
1455
9497
2978
7831
2530
3643
  9
5366
7773
5041
9131
2692
4619
7739
8372
926
4789
717
7415
8058
2778
915
1003
5710
2041
6304
3081
6977
898
7307
5228
2723
6846
4920
504
3150
9012
405
2546
9664
5865
4836
2990
1635
2048
2120
5983
667
3228
4605
5189
4586
4735
899
3381
5243
6781
5881
3000
2957
553
975
1828
7483
6432
9417
4563
7435
7694
9262
7545
4950
1212
1134
4044
6276
3354
9305
6759
8256
7308
8503
9969
9588
4281
3665
3854
6750
2334
9855
6416
1905
944
7266
2150
1503
4116
5805
5291
9032
5141
4620
6013
5867
7230
7951
6266
2938
2010
3567
2264
3404
1671
3563
2068
3816
7295
1418
2201
3617
3368
2135
2376
812
2824
8108
1083
6955
5024
5107
1247
3822
2833
6768
5188
3029
9646
2979
558
8044
5102
3229
1568
7791
8425
1347
6887
9936
9028
6474
7314
9629
460
3212
6536
8540
1939
3677
5520
9982
1641
773
5208
4633
5565
8759
3199
6721
5479
8249
7457
6407
6635
8122
3528
8689
6584
2885
9219
7351
6930
5448
6385
8578
8557
7623
2022
5330
120
4897
4841
6127
7268
3713
7893
6140
8050
5130
9995
4050
8547
7736
3710
9404
7574
6417
3759
6974
5261
1295
8730
700
3835
5183
9390
238
8370
9214
3470
4796
3017
7585
2631
3380
5866
4668
9076
6101
749
4722
5253
 34
520
3773
699
3465
1095
6585
5325
2185
6041
4543
5897
3463
8352
6626
3466
1827
7052
9307
9880
995
4201
920
3495
1738
8474
209
6614
2756
4683
2096
1254
1847
9769
5513
101
3412
7637
5138
1521
977
6438
2116
4265
6738
407
6338
2554
1329
3395
7335
9538
8554
4072
9151
4759
5098
9328
7628
 97
8561
6000
4254
6281
6380
7402
7203
8457
294
2359
3846
5816
1005
943
1024
3545
5170
1387
3689
5920
9670
6790
5131
4647
3683
938
2378
1318
9628
5096
5430
8048
8717
6410
219
6795
6073
1423
8349
2351
7239
3727
4031
9033
1960
6227
6632
4487
5798
5740
8824
4083
7832
684
7961
4711
3215
4008
2074
613
 74
9370
9825
2009
9044
2773
1044
8848
2972
3057
7036
9371
304
3156
793
880
8293
332
8161
4441
4360
5738
5364
5496
173
5221
8102
8178
2395
9081
3731
3329
4810
7861
3768
7943
8959
7966
3591
724
679
3394
9901
4525
6179
2397
6111
3218
4510
8901
8525
1039
4572
4801
6749
8392
4182
3901
315
5617
1312
1581
3409
323
9795
5602
5997
4831
8994
4334
4985
1325
6089
3283
2764
6412
8774
999
1553
772
6670
9245
3522
1072
6525
9859
2348
2421
4001
856
2910
4739
7069
3226
160
1904
928
7848
9784
5457
4104
3405
961
1422
2140
1656
3263
449
4511
4100
692
442
4988
7030
9719
7417
5950
4602
285
3336
9045
2459
5485
2575
8856
8871
1050
2534
5737
9200
2776
4320
6471
 33
1587
3332
993
1811
135
1322
2827
3988
1759
4533
2343
6051
7282
2179
4771
5900
1509
4611
3734
7627
5546
7622
2742
3318
1849
5839
1493
3460
5075
7796
7187
9949
7078
7328
5703
6256
5327
4000
5605
9833
4417
7345
1438
9460
3285
8505
9678
277
 37
9325
6255
7918
735
5523
251
9746
7516
9721
8467
9264
7928
2632
4467
1404
1196
2667
1417
 47
1983
1260
1022
4862
7154
651
5582
8182
6656
7576
1524
688
2578
537
3423
5777
1040
3696
8091
3073
1271
7467
4536
3610
9657
6822
6277
8596
5512
8604
2452
1931
2701
3496
3828
4443
7523
6702
5151
1719
1368
8199
9672
1001
4073
3604
8254
5023
996
3959
3165
6984
1620
7225
6307
6451
5721
2392
1317
8268
5034
2219
3738
7693
188
7473
1720
2374
6257
8622
3327
2648
3457
9998
453
7546
8974
3475
9815
8548
4346
7885
3032
1463
4496
2023
6046
465
7756
3949
5976
8053
5716
9827
9193
4650
5458
7378
6633
5148
6548
8089
3319
4067
6995
4965
5367
6882
5280
5751
5644
5962
2029
9597
5846
1512
5808
2054
8555
6079
1519
6728
2649
2381
687
7513
2929
7810
5613
 50
6231
2537
636
8476
1767
9983
539
6884
9362
7049
3996
5358
6356
3200
2416
4020
6557
6720
1446
7494
7886
5693
4136
2844
5207
6981
9643
8078
645
981
1882
2089
3115
6587
6964
7783
9710
9016
1101
8654
2750
8373
1557
9849
303
1135
254
6577
5052
4792
3606
6803
2986
9792
4980
4943
3100
2524
 36
9895
3682
9190
1558
4035
6959
5083
1481
1119
7046
8236
6567
6960
155
7749
4928
1245
531
8907
7159
4221
8601
2608
1902
8990
2156
2435
1605
3856
8328
3769
9564
640
9539
5393
9071
6463
8403
5222
1542
3693
4293
8082
8323
5691
7110
5200
4887
5503
4895
3877
1607
6260
6478
5112
814
5259
6580
5771
7665
7324
 30
6858
3219
7888
9127
8648
4228
9679
6516
8158
9630
1834
2011
8215
9615
9286
5267
9242
5813
4026
5097
4217
6902
3561
3023
7847
4355
2475
4787
5789
3224
924
3780
7789
5554
2216
7940
624
6001
1486
5237
4392
6361
9799
6249
3480
9512
2456
1755
6206
7114
5858
388
1097
2878
9364
3660
3987
9198
208
5396
1722
2428
7094
2858
3469
2273
1415
9043
9961
363
6075
9967
6225
3602
8290
8889
4345
7549
754
9046
5987
6145
5874
8733
6925
7380
5309
7953
2258
6551
3034
3268
348
2853
3107
4213
7649
7071
1843
5018
7766
8057
8589
7988
5271
9209
801
8172
8927
4609
4123
4830
2763
5728
1448
8246
8129
9105
5577
6352
5746
8562
7336
5542
6250
309
7229
741
5154
3062
2492
6648
3976
3393
2434
5758
1901
239
8950
7718
5706
4940
6599
8439
5660
6084
2899
7243
319
4244
6244
4813
7222
8205
316
3383
102
4764
6238
7386
4964
1649
7293
9471
5977
3583
4082
1399
9656
9752
7567
6362
4098
7935
5225
1383
8873
2931
9432
8585
7515
5417
2912
7048
5113
4856
5871
1373
4858
9862
6507
 62
8558
8339
5311
 85
4388
3950
1590
8790
3345
5981
2589
2637
9282
6571
5692
7826
1278
603
5439
2549
4909
9563
2605
6377
4186
9335
8018
7074
4102
7501
3593
823
9511
8935
5276
2944
6104
7973
6809
4972
7347
4148
4951
9618
1359
7619
5071
2245
4110
2845
4042
470
8767
9762
162
3418
6420
7937
2740
3951
8924
9148
5935
4048
494
6878
9167
9444
2759
4671
6676
1334
3430
1837
1315
2529
3176
5947
4234
9686
3088
6833
2984
1749
5748
3892
7782
8985
9979
8726
7728
581
4561
9037
1059
4809
1012
5347
9218
4863
320
1326
3365
556
3820
5463
8692
5452
5599
7112
4113
6067
7850
853
176
1997
7530
5116
9626
716
7608
7305
4706
103
9419
1112
469
9715
9322
8582
6967
694
1757
9289
3170
544
6997
2328
5536
4857
8189
784
931
9857
7617
2412
3865
5856
9731
8817
8784
9910
518
4827
5775
3071
9997
5404
8568
7499
8999
3658
2168
5517
4406
1896
5616
2491
5079
8299
580
4464
205
9428
8454
374
  5
4622
9135
8502
8934
7641
7712
2305
8436
5166
6754
6710
232
5217
222
1123
3792
9139
5281
7905
117
4867
401
5664
6454
4330
4918
1910
8786
5631
3193
8617
6012
5752
7228
5749
1629
8150
3936
6990
4761
9224
8595
7657
9244
428
8143
4194
7897
7278
1856
9298
4583
7898
2204
4595
9439
8888
7800
4654
4890
9096
2399
9485
4710
2317
8816
4277
7823
6572
6320
2896
5063
3488
4133
1580
4899
3758
1826
2279
2270
6488
2298
3836
2612
7920
4807
994
2712
6589
3681
244
6367
9293
5607
9173
6671
3494
7394
8280
6033
5707
9372
493
2102
9235
1536
2260
2718
7583
638
5447
6406
7722
2869
2661
3853
922
7396
4803
9074
8344
6856
1279
1848
9532
6629
2769
8066
5628
3806
609
3842
6335
1330
3840
3123
1153
6303
191
7482
7983
1751
2423
6423
4445
1818
9770
3162
6807
7449
334
8770
3808
2771
2386
7646
9595
183
8109
6178
8551
5132
4347
3413
6860
4211
2643
8750
2444
7033
3786
9773
5474
5827
8399
8986
9403
4532
817
8231
1350
3299
6293
5332
4474
6148
7863
6143
2046
2480
3416
1681
7821
2125
967
8955
381
886
9295
2779
5883
5134
9207
4992
146
903
7708
1857
3065
8101
7009
9586
215
3304
9600
3990
2344
1170
3566
8222
8445
3700
2180
7539
6952
6168
8485
8003
4132
5374
4390
 60
2136
4198
9376
8389
1038
7439
3250
4300
1127
2829
8507
3454
5499
1082
8528
4542
1253
400
8475
2398
187
9488
6568
 86
6745
4981
5012
953
2221
9106
9001
8285
5467
4915
2666
3301
7803
5770
2796
9422
5026
6091
4842
5299
2240
8518
3668
1603
3205
1627
8693
1701
383
6063
4349
3549
8338
2114
7872
5783
5035
 20
4387
5437
630
3544
7023
1136
8051
4264
6513
 61
8451
1309
767
7214
4534
143
3187
2974
6042
4681
1788
7812
4365
7820
7815
7857
1556
5642
9902
6711
4286
5810
8417
9735
9098
2099
2677
1426
7958
8128
2057
554
4459
3311
1570
7899
1152
7247
1104
6845
9693
3779
6715
5289
8976
6524
3181
1335
8932
5433
4013
2141
6502
3580
2817
3916
629
4172
8912
7291
5747
1995
5178
657
6024
4004
858
8614
9430
2669
1842
980
2532
4894
258
1667
1477
9748
3625
3403
1614
7805
8592
5786
4105
3694
1819
6102
4623
7647
5622
9962
3326
9840
5550
 65
3330
2956
7436
7633
2224
7167
3590
4629
8029
2642
6358
3349
6947
3711
7813
7353
3608
3600
4942
3451
4283
9666
4416
9228
9300
5705
499
6306
8854
8681
2780
4327
2657
9133
3309
3957
6923
3657
9627
9874
 99
8724
5136
6473
9394
8644
9928
9156
438
406
2484
1936
5066
6934
1042
9108
4470
1472
6292
6637
7126
5796
2453
7974
6395
7039
9064
7922
4882
8307
7257
9684
4644
 83
3385
1876
2238
6208
4699
3038
3973
8419
9407
3414
4806
7362
6665
5841
3127
1360
8913
3541
1874
2809
3821
5985
4754
1572
4016
2697
2257
3094
4689
3684
3923
414
1019
4413
2515
2611
8241
8409
2490
6460
9803
7560
9705
1465
2363
3941
8355
863
1880
1817
2924
1456
8698
3690
3706
9191
8517
9240
2106
7732
9270
2856
3407
1207
6382
3441
1118
2600
7741
2794
 35
887
7864
4432
3041
9020
4738
1487
9820
1453
6283
6108
3594
7125
5663
2737
8407
359
3289
7253
3433
3819
8386
7540
3789
1129
6479
8197
2473
7054
8240
6844
1385
4832
3302
7381
5940
5910
9468
9654
330
3031
9464
6832
6298
8917
3814
1814
6176
4063
4236
9306
2615
9504
189
6364
6808
3980
5074
8603
6455
6672
7689
7421
218
2806
5450
9637
8416
6146
5070
2352
813
8390
2338
7667
5807
2462
2407
6948
549
7865
7170
8478
9832
372
873
343
1789
4804
2035
2220
9764
2038
151
3185
7944
3305
1074
950
1773
9814
6492
6077
1875
9166
1872
7146
8452
6649
5220
4119
8958
443
6197
6302
8728
8906
336
3829
5062
3292
1251
9277
6180
2266
7990
2629
2602
6565
4046
9049
5360
5002
9787
4587
2943
7616
4269
459
9534
2670
3204
6290
7764
8650
1812
5392
2017
1604
3622
2516
7017
5349
6202
3801
5572
816
2686
3122
6149
8936
4163
3761
9035
424
1990
456
4115
6142
9747
8510
7925
307
6461
7926
122
738
8123
2795
7706
6729
3915
2303
2164
5320
9378
9054
2682
720
1130
267
608
2256
7208
2075
474
5588
3588
8114
3581
6597
949
9226
5641
9533
4187
447
5152
6341
8902
2884
3366
8032
3715
4034
4393
4460
9916
1728
1608
8104
3908
3967
6688
3255
9831
2107
2566
936
4885
225
2930
9249
1794
1891
1559
3576
4373
8387
6727
5277
7620
1063
7963
253
1348
7037
9147
9873
9280
111
9248
7385
7333
573
5914
7891
7653
8480
5514
3804
6892
5100
7703
1815
255
4412
9722
4166
5741
7807
9541
6078
4777
3453
7000
5302
1669
4986
604
8230
3293
9908
8097
197
6848
5534
4606
4584
9367
7178
5375
158
6873
2470
4515
2998
9673
9604
2061
6371
7605
4446
6583
7001
9070
 44
1845
8284
6915
9336
2466
1007
8665
3616
8920
8683
2387
6186
5357
4057
3235
2601
2772
9732
807
2841
7181
3169
6989
7599
746
3154
6006
8627
6994
482
2593
2336
5908
732
3560
7370
3757
685
9887
9222
3103
1240
288
1912
7592
1060
875
8350
9882
9877
9164
4718
7806
5195
3935
5974
317
6909
830
7901
3361
6271
5953
5896
7678
8754
7811
6663
4159
6034
4618
7205
864
1993
7929
2478
9216
148
4600
3798
163
3290
2079
9258
2246
1758
1087
1588
8086
6783
4939
5468
1308
737
4424
9772
7121
582
4246
2296
6907
5077
678
5429
9010
6926
4130
4745
2902
7255
6610
4902
4477
9697
471
1075
5886
1563
5410
 18
9413
5941
3624
3964
4560
4466
5038
5803
7603
2451
8173
4925
7357
3067
8802
633
3254
3741
353
9266
5629
2539
1235
9925
5972
9951
3347
7007
9125
9085
5860
1238
7511
7527
1336
6556
227
7497
268
360
2821
6214
7313
9202
3328
9552
6526
9342
6155
6504
5405
6950
6328
3776
3207
7834
  4
5611
7376
7883
3059
625
2442
5172
6544
5557
4018
6391
2214
2800
4400
8331
8466
2547
7424
7443
8065
5635
3905
5029
1049
6243
6978
5820
4036
3751
298
1218
5321
563
6390
4097
2085
8858
6459
6483
6188
2325
8136
8620
5522
5654
3408
7352
6538
6319
8433
6518
7427
523
4109
169
2681
4582
1069
7281
3760
9143
1864
8666
1378
9566
5297
998
4802
4425
1052
4523
2288
4944
4208
759
1726
1281
4435
8586
7554
5713
6744
4152
536
5879
3143
5585
8133
8687
3850
7004
4744
9570
5048
5192
3676
3860
2721
3184
6645
3001
6363
4829
9850
1977
7680
5916
662
5674
5184
9381
2051
4726
8989
9624
444
8035
4684
3233
 16
7597
5329
6310
7593
6739
9619
728
497
7579
8420
6071
4884
3515
826
4627
5122
2372
7683
9821
3109
5533
2705
1198
2269
2922
1420
230
9988
2823
6332
8527
4552
6693
5050
6575
8869
9868
9687
1743
5331
561
2846
5590
9483
7108
5067
1683
718
4308
2842
9129
3647
1926
8865
2026
1643
5875
6625
3514
8477
5673
6117
7393
9337
5899
3010
9318
3195
8027
7028
7760
8106
6954
2599
6780
4727
7445
794
4472
596
7856
9842
8127
467
3281
4553
4778
6869
5013
4535
8379
7400
527
5938
4431
7758
7024
2874
9368
8259
1167
631
9239
9636
 17
4014
7648
361
1711
9934
8274
8166
8894
3141
6523
9490
6408
634
992
8746
7446
2438
4594
8899
1053
5627
8893
6053
6185
6965
4340
1689
7301
8769
579
3182
8052
5232
1036
7374
5904
6639
7504
9798
5432
9836
7588
8110
9858
9860
4160
464
5722
9891
9569
8639
9095
4522
6449
3489
9116
3006
2774
9824
7027
5219
9756
8297
4967
1200
5313
7589
846
6441
 48
2182
5365
4821
8006
8697
723
7298
3516
1752
2236
7793
7638
4226
 96
5356
8771
1180
4384
6403
9993
1028
7679
1046
2479
6106
1530
6331
1578
6640
6048
7083
1661
791
3239
6691
7652
8552
4203
7066
3485
764
2732
7236
8647
1380
7042
7250
2674
7045
1564
9853
8446
5431
7868
1541
2177
4081
6376
8819
3636
6623
8514
5744
8780
2293
7957
5690
8798
8709
4912
6311
725
7910
3159
8564
3848
5676
2445
9767
6535
6190
2043
2237
1408
8080
1157
4108
1265
1516
 52
9208
4692
5649
3911
1222
9275
9090
4504
9515
3749
5527
5443
3909
3202
9665
9229
6659
6047
2883
3919
9866
9592
362
4556
4322
7090
9356
4193
8940
6914
301
6662
1102
5829
2814
1742
798
6886
1255
2183
6247
2400
7200
4725
3079
7431
3481
3340
1094
1144
7172
8137
 22
1511
1555
8821
3288
6315
6458
3192
9220
8076
9291
9303
3230
606
7843
7420
8468
5361
5108
3464
7212
1881
1631
7391
2840
6014
2327
5873
391
5084
7285
9024
3965
5765
1228
289
7486
6189
178
2585
8482
6813
5681
9922
3709
7816
8132
6736
974
1566
3039
803
3791
7980
3815
5662
1962
2760
3322
3075
6415
2857
5295
8020
1538
1774
9146
7097
2954
8278
6742
9405
3771
3548
4521
8252
7310
6278
1266
3659
1651
6879
637
2650
6794
3746
2323
9650
7797
5868
1239
9250
113
6022
9347
1246
4396
4679
4200
6193
2350
1161
1527
3506
6741
8000
2584
7084
4262
9943
5202
6011
5759
7921
377
6253
1009
6118
7492
9638
8658
3009
1086
2112
109
652
2571
5333
9837
6853
446
4674
2993
423
8792
8146
2847
4458
5712
8269
2671
7802
5776
7600
2403
2375
3619
7956
5059
4272
1747
5167
2131
843
7924
5902
5403
1499
5620
6069
5194
885
8649
3244
4088
3348
8688
8933
2838
7726
2675
5756
3047
2250
9484
6644
9320
 98
4823
9872
484
207
6375
948
7330
354
 78
9845
5519
8225
2364
7505
1244
7360
4433
5421
1734
7326
4237
419
2699
1522
8972
8382
2308
429
8308
3279
9556
4328
1921
8090
2689
4860
9694
4090
2706
9708
5745
8195
4366
4672
8030
2021
5515
1204
3732
5419
2609
9271
4451
6115
3956
5087
5283
8844
125
704
3537
8115
7089
8984
5216
4087
8448
8715
6751
2027
7103
5362
659
8886
7124
9614
8359
3376
4634
9015
8163
8469
5869
5234
1342
6622
4751
8803
1945
5164
3422
5409
1269
3656
4694
2803
1552
3748
2785
7259
7182
1925
9703
1741
3135
1706
734
3306
2951
231
7750
9788
7859
7453
5921
4749
1514
8333
8462
5010
1745
9227
1264
5251
5355
2483
4669
1505
6537
1539
4719
5506
5380
669
4089
597
4577
4297
6425
1783
8753
5862
2668
3287
3914
2665
8491
7580
7131
5657
240
8777
8845
8304
9899
9702
8262
5912
5427
9317
4562
6988
9785
7877
7398
6064
4383
3991
5416
1730
7372
3210
8814
8257
6933
7475
8982
243
5711
3436
1565
8099
6606
1943
9932
491
5870
450
9234
5819
2064
5658
4092
 54
3313
7804
7233
4397
7656
2031
5318
6761
8401
3672
7472
8629
9660
3130
2211
5275
2477
6854
6982
6314
7672
1506
5573
3452
4219
2519
4212
5370
1156
6818
8037
7809
9080
4850
3359
4901
5352
8529
8444
8191
9443
8581
7196
9225
6212
2014
7091
9000
895
6289
9192
8511
4310
7010
5826
2163
9155
4333
1658
4853
8495
7682
411
9811
1370
9341
9316
7162
8298
6348
9641
7906
925
5019
6462
3955
4921
9175
7685
4548
9753
445
9343
5516
1716
965
5118
9018
2349
6058
7645
7387
2678
8325
264
7632
9491
3874
1698
4626
1470
4440
7715
4979
3598
4794
9621
8949
6680
5160
7272
6716
9663
2123
2947
5901
3203
1740
9451
2300
1121
8017
6235
108
8704
1209
7346
3012
3999
9111
7711
8418
8148
 11
5932
4375
4321
5021
3225
1714
7189
572
3695
2310
835
9681
5139
3249
3173
310
9919
1865
6983
1616
5687
5493
6261
2955
9276
2230
6961
1113
5668
5797
8806
7635
1599
4567
6327
8224
8942
2828
7061
8961
2154
3729
2700
8394
7884
7425
6030
8951
7271
3126
5182
680
9537
2361
8004
1840
9489
266
3767
4137
8015
4107
768
8434
3837
941
3538
7171
3531
5402
8388
5731
1748
224
9645
7463
1964
6618
6373
8524
9605
9290
5495
8957
1780
5306
1803
2783
6512
6268
7368
4301
8630
4756
2188
6130
  8
7190
9434
890
6467
6066
9823
912
3191
3341
6002
3565
8718
3492
590
9542
2651
5596
7312
8752
5180
6031
2816
8171
7389
1430
4295
8702
7751
1709
9639
6156
9352
 53
4139
5159
7464
9091
1684
5834
8765
7158
4503
7392
8720
8208
9816
3415
3471
1217
1626
6137
4326
1909
3966
6621
6221
3420
7879
297
5581
1085
5778
9182
9177
4156
2431
3864
5287
6590
 84
1655
6595
7790
9674
9617
100
8442
480
1274
8261
9546
4077
4306
6943
2509
2835
1099
7085
4753
9115
5576
9797
1589
5082
8925
7070
7851
4017
521
789
4682
8591
5988
8640
4245
8536
269
6888
970
954
7534
1411
9204
7025
4183
4064
4266
8831
8980
 63
916
6849
1224
2341
2517
9977
7762
3775
2243
4645
6996
3611
3053
9450
1695
4905
4403
7192
2683
5250
3595
3138
6025
9599
1548
5504
9400
4670
6187
457
8834
8624
8576
1973
8484
3252
5958
8016
7177
4935
3035
6484
9558
290
6631
8413
4037
9696
4041
4126
2716
3294
2137
5351
1429
2623
4362
4253
1795
8186
6522
171
5579
9559
1577
6169
8049
6972
4607
4270
8971
1561
9456
8530
9689
4774
1676
9812
9745
7465
9709
6666
7547
2003
214
1664
3291
1800
7642
2880
1953
1339
2966
832
7968
8682
8954
8074
9992
2901
3573
420
620
261
8009
5790
9339
3146
5199
4911
7562
2284
674
7557
4058
9547
9929
8187
1674
6579
3243
5671
546
6139
1450
2511
9807
4559
5065
6505
9931
6263
6481
6841
7119
454
4721
8877
2594
7306
3975
3993
6339
3724
5150
7948
6258
2707
6496
964
6673
2863
8988
9247
5618
3903
2385
2162
6602
8975
7903
2641
9852
2936
8179
1267
4439
7274
8168
3090
5056
4168
1236
329
2455
9292
3777
9196
4495
8279
3688
8960
6437
4656
9132
641
1885
7512
5068
6714
589
6282
8447
6932
9421
4230
322
2917
2819
9573
8674
3774
8667
2961
587
8415
418
1412
7140
1285
7218
5227
1351
1433
6434
7031
9418
1458
6756
672
8610
5685
5785
5406
8761
5249
1836
8406
4218
1349
9754
8789
4776
5847
4655
4476
7950
935
7320
147
 41
5815
2117
2945
5876
4724
6424
9572
5531
 51
7300
1313
9957
7412
567
9360
861
6679
8488
8151
7882
5106
3630
3111
8757
8516
2728
9380
8021
2646
7269
7542
5524
7902
1970
5308
8928
2862
9073
7979
4127
6427
9246
4728
2426
7771
8414
5030
2967
2306
957
7514
6851
3752
4055
6980
2729
1927
6515
3355
7798
 31
1496
765
9163
1126
5140
6192
7123
4578
8918
2987
2353
7450
6620
2152
7556
8926
9396
6219
4404
4714
6157
4268
1500
6651
1708
854
8563
763
8978
9145
5656
6027
7423
785
9267
1951
8121
9846
8606
7550
1974
2090
8884
517
4426
681
6081
1062
6350
6868
5425
2973
4956
5204
7578
4742
8483
7290
9153
8332
3267
707
8656
9889
4465
7875
3620
9865
3113
 49
1008
2213
5574
4666
2558
2812
4998
4227
722
1916
551
5723
4075
7573
4294
626
6991
4685
951
4414
670
7630
8404
7613
7160
8087
1610
9241
5610
4573
1606
9631
7458
1337
3753
4158
1944
5782
1010
9528
3089
7611
5338
3108
426
4343
4551
865
2497
2151
1011
4712
8526
7254
5156
385
5779
2083
3295
2982
1715
748
3929
4009
1454
2579
9004
3282
6912
6392
6847
3214
9060
1825
1724
9553
6286
4886
3028
5795
9446
5725
3556
4054
3051
1710
3129
9966
1223
1782
3847
3178
4391
6825
4575
7484
6956
6457
4427
4084
3194
  1
5532
9911
2241
1032
914
7704
4369
4715
4963
5088
5994
8449
1746
5081
2195
8251
7248
9465
1892
7946
5093
9048
8797
3161
9571
3277
7325
4252
7681
1804
6085
7005
193
4649
2493
2801
241
7262
9063
2190
3663
 67
1358
8384
6126
6876
3930
9581
4601
2024
5328
106
9466
1466
8531
7607
9964
1941
3502
8088
1897
2526
5561
2872
4106
1027
1089
9884
6866
8487
1122
2711
5470
7015
4800
273
837
7299
4278
6039
4648
8216
8967
2087
4624
2414
5667
6436
5316
8612
7660
3118
8778
6811
534
300
2354
1700
2687
6689
5734
387
182
2970
1693
1937
9557
8196
1839
1934
2133
5269
6530
3425
7134
7952
6402
8828
7118
9137
9878
2867
9361
2722
9330
9875
5626
8055
6735
5005
8602
1021
6746
1372
7845
6976
760
7194
8402
9112
6634
1410
9554
6919
7232
3701
2384
9683
3726
5583
1808
616
3754
9789
530
2514
1988
5390
9826
3637
3160
4643
6549
9810
6138
1445
1573
4814
9941
810
9411
2109
1809
8763
4394
5502
2018
 88
5672
7775
1333
6175
5998
6016
4851
1799
2367
4216
245
8962
8890
1699
2635
9822
1443
8619
1963
9921
4222
5165
4197
4358
7785
8217
9713
2941
5007
2625
8345
8210
5464
6495
7169
9668
6123
7018
7043
5850
4869
845
3346
6801
5376
5968
4399
9257
3648
3912
3960
1439
792
5279
8141
8219
3997
7226
7403
8781
167
2396
1932
721
761
6927
4302
6962
8300
5117
8782
3068
2731
1744
8056
1237
8385
7197
2430
3702
742
7082
8472
8963
1571
9800
9612
3500
1214
364
7949
3730
6852
9358
8295
6775
7382
883
1288
8346
5538
4784
1992
6678
6344
4658
3818
3862
9031
3977
933
4612
3352
7447
7241
7900
528
1772
5708
408
5121
9433
3899
9725
3048
4377
515
3082
4741
1621
5292
9870
8583
1785
6008
4576
1659
3232
3529
2049
5821
4249
1186
6324
5181
3315
9551
7168
7729
4701
6043
9077
5412
5645
9211
4313
9856
8669
5449
5963
8229
5849
1451
3931
2065
4760
3642
4667
2556
4825
7246
2012
6044
6592
4274
9319
9379
3569
2037
 14
8145
5551
1685
513
7836
2895
8909
3387
4052
3628
5345
2471
5490
8437
4151
9685
2159
4150
8427
8176
2755
6211
9804
5203
9793
6414
3755
1173
6134
7936
4938
7238
2693
7294
4452
9863
7564
4545
9084
3353
6199
7503
1304
6465
7754
1824
3152
7142
3900
778
5260
6920
3596
9890
6329
5371
7180
8237
1721
9530
4170
 58
5809
5961
6608
2971
5326
7933
1861
7631
8022
8574
8375
3175
8939
6725
9965
8897
4122
543
2563
5971
3256
3521
5209
1754
5335
6642
8991
508
592
9459
8642
1660
8162
4165
8264
3756
8577
3174
9093
5632
2557
4188
891
8755
3770
 93
956
8248
7894
1344
3833
3800
4085
2920
5369
6596
562
892
4922
2873
8144
3166
3036
8107
9333
740
3747
7193
1913
6223
6365
664
6333
4880
9513
7733
6699
6842
112
477
9039
6430
7880
2210
4095
8731
5080
5040
3678
8363
8421
6566
6674
7757
3635
962
5268
1057
1762
8499
4780
8598
2321
3350
870
4637
3692
6020
6418
6162
4933
2033
7598
9691
2028
2410
5049
4971
9757
5258
2761
2206
8093
4032
1201
8324
3825
6999
1888
8435
4703
5229
2103
2030
8546
8707
3511
8152
8098
9726
3286
4782
9034
3497
4444
7995
8852
2282
 26
9535
3083
1141
3797
2843
5478
3442
1261
161
4519
4029
7518
5089
7769
5753
4382
1972
1609
6439
987
1283
3962
1652
9363
6057
8011
9945
2854
6708
6968
257
3303
150
5764
866
7522
4192
6070
7096
6419
2100
3523
7927
8910
8953
6787
6296
4434
1293
2748
165
8473
5047
5142
5995
557
3680
4335
9329
5794
8492
6280
1000
6771
3589
1365
9903
7615
4762
4070
5911
6747
6874
8626
8809
9397
9582
7876
4028
3369
6532
1829
6560
8645
3953
3913
9243
3540
2192
7985
834
4049
8227
3264
2401
7904
7772
9602
1020
4164
9315
8891
2559
9476
5832
3052
9385
1340
9606
1569
796
2685
6904
691
110
6174
6667
2542
731
4357
9180
1185
4770
3943
5128
9188
3317
6181
2227
9201
4696
206
1221
1162
9937
1592
5414
1739
9580
850
2263
4260
7338
8340
5399
7621
7601
2313
1338
2086
1654
4675
7413
8533
9392
4169
5196
8793
9498
5927
1879
236
8661
1729
8776
575
1753
177
5505
5638
1806
7840
3220
6475
1084
4616
7543
6917
5604
6318
703
8408
8887
9087
6877
7626
594
5811
6600
901
1441
4315
648
2277
7377
6939
5946
6359
1984
7348
6354
 68
7674
3559
7488
3932
6234
2710
8987
7422
4051
7426
4892
6245
5695
3812
4069
9017
5845
8785
6985
6890
3093
8646
3809
7866
7930
2627
4093
5709
5575
5290
376
7434
8317
2186
6812
8336
7144
7166
8318
9425
2818
2000
3005
1078
6723
3172
5123
3014
279
9526
6422
1290
7451
8105
9013
7339
5970
7614
4267
1191
6552
7026
4317
3653
335
6093
3310
6701
7520
395
8756
6052
8879
1242
2062
5739
6007
4141
6615
4975
434
9819
1149
4571
9387
9279
6269
2911
9100
7837
1623
6068
5407
1868
1268
1091
2441
1413
9616
217
9669
8228
9968
7740
4845
7687
8779
960
6630
7675
9041
752
2161
524
838
5863
6183
1504
585
3438
2339
4508
3785
2570
8686
4916
4844
6393
7397
3765
5678
8486
5466
6116
4599
821
7034
7794
8937
2925
 94
3721
9492
6789
6776
5424
7491
4861
9284
6215
7707
3871
4337
4011
1398
1158
4835
6867
8885
8815
4847
2634
5032
8977
6433
6570
989
4276
7002
6875
5913
6901
7265
5057
4843
8914
8288
5382
4772
2730
7873
3240
139
5177
9975
7568
1688
9110
8034
7537
9050
8036
3994
5037
4676
4748
7720
4428
1447
4128
2879
6973
5951
7107
8119
7358
327
3838
5323
5884
1232
5787
8820
5263
9698
1402
2254
6992
4199
8964
4153
3524
 73
6381
8882
2347
9288
8965
8002
824
6661
1860
3351
942
6913
1895
4875
1479
2249
7016
5761
9984
2560
9123
9974
3180
1093
6404
8908
2752
4758
6456
3570
7604
3410
4974
8808
8787
 23
3824
6379
7176
9550
2197
8277
7779
6684
1327
7625
149
4597
2870
5661
2056
 32
4367
282
4402
5555
4838
3555
4174
9265
5889
4923
7747
9441
451
3968
4068
4661
7099
1933
5791
4786
9829
6772
7892
5411
3830
1798
3270
2368
1537
5171
3077
3064
2231
1535
7942
3944
7256
3910
8944
9893
7438
6757
2091
525
3896
2561
5044
3007
9981
593
1821
6203
9924
889
132
8244
 82
7311
5072
5408
818
1296
3995
413
2865
7332
3894
9990
3884
3547
3198
5689
6872
666
8258
7455
8383
9775
490
9009
552
4173
3869
6124
6246
729
9051
2274
306
2592
7459
1981
9183
2583
4713
4896
770
9879
982
7485
9253
3503
1679
9138
2921
5954
 95
2664
3147
5494
9344
5735
6125
3356
270
8398
6342
1957
4883
9516
9676
2472
932
4621
5241
907
6767
5698
5885
4371
9438
5198
6762
2013
3736
5945
3982
4833
3362
2510
5274
4730
8655
2905
4785
618
5844
119
7219
8366
2991
7173
5891
6969
9312
284
656
5814
3920
1376
862
2739
1494
8154
8973
6698
4816
1790
8565
3855
2006
3116
1163
8428
795
5595
2909
8334
1906
1306
8829
5413
4876
8919
3805
3764
7755
6834
5880
7909
730
1142
940
4820
8429
6489
1234
8072
 76
318
1148
8719
128
6446
2892
9545
7590
7175
1647
8679
7055
7846
4977
6346
3542
9583
1727
5278
6506
2906
6816
274
3832
9896
2307
6267
6045
5719
2427
6388
5145
8311
2572
1371
6576
7334
1917
9375
739
2487
8024
6038
7093
5312
7356
9520
2633
5264
5823
2153
4039
9463
7673
9608
367
4638
9561
9976
979
2113
4557
5422
283
1054
7768
727
2656
8611
5256
5210
6881
6946
6472
653
7185
963
5193
6366
6240
3720
6284
7399
7329
5556
8570
3718
2422
1320
4405
324
1425
2538
3876
4959
7021
8206
5484
8500
8432
8993
3392
9720
5742
3574
441
6147
5441
574
2499
2791
545
3221
6685
1898
3947
4329
3015
4024
7101
819
8365
5305
9675
2418
448
6153
642
1601
9025
7610
9230
7878
1648
8411
4304
170
5545
5383
8007
2525
9238
8238
7113
7240
4639
9453
4962
7452
8045
1611
2735
5835
8008
4961
9758
7975
3571
9170
2488
5498
4590
4740
9888
8762
1890
4179
368
 80
9524
6239
6713
8464
6770
673
675
1996
5344
1546
 87
7587
4386
2994
7911
5822
2866
5817
9742
7280
4146
3525
4498
3030
6009
8905
1497
1646
3674
7075
3241
3120
6435
8846
7595
2932
2380
6540
2757
3649
2859
4664
3858
6337
9587
6591
910
9611
6785
4243
702
7959
5129
5952
4937
2580
781
7586
5381
6697
3984
8116
5837
8041
614
3887
852
5489
591
1713
6718
156
2765
5993
6265
3061
 90
8549
3266
7822
6520
3153
2754
4033
3216
2985
7132
9168
909
1532
911
3087
8539
1159
6941
2907
9939
8255
3933
9716
9653
4660
9523
1194
370
9283
4695
5146
1998
8063
2203
7561
4154
632
9991
3954
9953
1550
3133
7776
357
5224
5069
4307
157
3763
3781
7098
3795
5379
5343
4550
4344
4982
8883
1361
7405
2411
8571
3482
7606
5213
9159
3794
3271
6628
2926
8825
8916
7849
9006
9058
1263
9393
756
2108
4096
 79
9377
9099
1520
2172
3054
2132
326
2366
2698
5400
1474
1397
2008
2888
9323
2658
2679
237
8124
3269
2198
2928
6971
9473
6252
2489
9486
2176
9308
4698
5743
6778
8946
5491
3707
4389
7521
6018
3728
7191
7076
5389
8673
686
1379
5388
1043
7663
5272
1301
2365
7014
5825
3627
4691
7887
3314
2189
8931
123
7510
5009
8659
2342
305
5214
7996
3334
2992
655
695
9022
8703
9613
6448
8059
5882
8226
6120
5511
8125
3227
1978
5173
8250
2088
1820
5440
1137
1718
1341
1544
4822
2127
1073
757
7344
6905
3449
 75
3384
736
6733
2513
2953
2770
5831
6647
6326
7533
2191
5890
4494
6883
4788
8033
5967
7874
3190
8025
3360
5201
3144
7224
787
4257
1871
 59
8266
9544
1955
639
7354
7411
8677
4210
2244
8775
4143
4819
5612
476
560
216
4256
3275
5677
9157
3055
9755
1109
1405
871
4332
4960
4852
4372
8343
5501
5973
2792
7480
124
3650
9134
4287
1731
2052
9933
9813
8573
2789
2535
583
5444
1243
2312
4449
7448
7962
7489
5446
4709
1392
9260
8947
2169
6184
8149
1369
8898
410
2205
2437
159
463
7746
3040
1513
7964
6828
9449
5851
4339
3526
5061
8872
6796
4732
8498
2793
4479
5053
2965
9232
9092
5153
1467
5584
7753
4007
5483
779
6386
181
8438
9281
9285
7508
1867
1004
2709
3435
8014
211
2170
829
5162
5917
4324
4121
6112
8455
1384
4331
7141
7479
1394
5907
7986
1435
7056
2836
1976
955
9437
3575
1323
9607
1863
2898
2996
7862
174
9429
8509
3498
8380
9021
571
8113
6830
9591
1184
3074
7624
9917
6133
1682
2265
4528
8744
3737
5784
3070
5857
3587
9088
5906
 38
708
8207
7011
9251
1873
6553
7461
4006
4099
4291
9560
4520
4374
5486
7699
7288
4248
5828
4932
5426
3664
9212
2207
2373
8631
2267
5011
9780
4608
5980
8005
4720
9640
1859
6885
5892
6107
5682
8760
6431
9843
2522
1586
7337
489
5801
8190
7981
9055
6669
 46
5547
8952
116
4455
2320
4043
7454
6389
1858
3552
6819
9760
6131
5475
3060
4881
1051
3946
1915
8075
2963
9040
8265
2454
9724
7102
8341
9751
9596
9536
5878
4111
4229
3095
1080
8970
6918
1613
344
8969
7359
2082
6099
668
8273
6793
8956
2781
458
9121
5521
8534
7853
3655
4702
4456
1403
1133
9598
6308
439
6400
2628
263
4478
4625
8638
1437
973
1151
4910
  6
647
3788
2630
3882
142
2383
3863
4570
8863
7150
8842
9104
200
325
2684
2233
4994
8214
7819
 28
5836
4797
314
292
8811
7188
2019
547
8921
4225
5799
8836
4505
3426
8723
5630
6694
4251
2290
4180
9661
8313
9973
2486
1160
4299
3417
346
2128
7719
1617
7960
5197
7100
4924
8618
1250
1999
6061
8360
1619
1924
4537
2242
1375
3398
2439
3042
6334
9743
3895
7081
1215
1147
1353
9445
2271
7778
5587
9272
4954
5242
196
9496
5109
3246
5552
2581
5699
7019
3942
5185
3461
4027
6059
8347
511
2202
2406
9729
2115
9782
2808
2084
1248
6264
1356
1181
627
3151
6664
9237
1810
8903
3338
2717
4547
6164
6519
9723
2297
2138
8170
4653
5898
9531
351
8691
7155
4290
7965
1666
1396
4206
6859
7895
6165
7661
5781
5544
1105
9014
3016
2587
2977
8860
4410
5930
5434
8157
5861
7566
9448
7828
403
2060
9340
1540
5724
2577
1125
2647
6802
3389
7365
7077
1515
8412
1193
7612
9763
8131
8941
299
4074
2551
3237
1644
1579
6440
4662
5652
4659
115
9529
7487
4288
9128
4663
3691
7478
797
7643
6554
3196
884
5960
3098
8508
5903
7302
 12
3539
1282
7915
6521
409
1807
1366
8358
4144
129
5003
5586
3585
6204
9883
9759
2714
1346
598
9620
286
8668
485
2016
3337
3119
7289
8621
9647
6325
7051
2335
2881
9346
7047
6857
9783
4958
6109
7044
2798
3623
4336
136
533
2777
4059
190
7636
6384
4040
7319
3550
4045
2719
4913
9634
1547
3300
5944
138
3551
4282
745
4871
1778
3605
7509
4903
1797
201
5031
7032
2543
3432
1047
9165
9359
1717
2166
4271
9223
8641
1551
3476
1124
5394
6880
250
2289
1298
2045
4526
9508
5528
3716
9189
7340
6480
4061
6975
9651
2548
5592
7684
4395
6259
8943
6605
8849
9442
867
1935
8881
5099
9467
7972
9388
8400
2379
2937
917
2820
7079
4224
4205
3708
8911
8572
8813
2465
6740
1771
5646
8047
8497
212
2662
9952
643
9518
1286
5640
7939
5812
9818
2540
882
7671
2962
3242
5943
8322
9505
3371
5286
4604
577
3189
5992
4091
2050
526
6765
3490
4214
4731
4632
3626
6464
478
3149
9959
7908
 92
3386
8194
4284
8839
3331
4231
6497
1307
9828
248
199
9861
7618
1155
7519
5651
1956
9259
7493
7404
5975
3568
8287
804
6372
8857
3276
8678
1723
7153
4118
3739
6938
1628
9206
7799
4917
8028
8580
3236
7839
9003
7955
472
6653
5073
7602
2968
3632
9699
8799
3507
4376
9776
7067
4953
9794
1428
6752
2389
2158
8566
2316
7761
3158
2294
5919
930
2040
3478
2255
1968
9714
500
7496
2124
1585
8202
9256
2494
312
9472
7528
7781
7917
4514
8727
7292
514
6993
8830
4879
902
8289
3558
777
5481
2555
4420
1596
5255
8490
2576
1386
9455
7506
2616
7349
844
4635
5937
6355
5187
6054
8159
3904
5895
3597
8853
7912
5359
1980
3458
1508
 91
1401
6370
6279
6594
1189
9955
4486
5989
4877
7260
9107
6090
8395
8430
3810
7716
4117
4893
7867
4273
7207
5726
8245
4593
8465
1965
5317
918
3969
8193
9519
5984
5732
9881
5500
868
3388
4385
1029
1056
4531
9038
4824
1131
2002
878
9771
7997
9197
4752
4361
  7
1630
 29
1132
3085
5168
2094
2569
3400
8892
6935
5008
6657
5103
4769
8735
5304
2330
7277
8374
6534
7012
7842
2567
140
5928
6655
5965
8721
7495
3557
2322
8807
7770
5509
2467
9479
3712
2261
 66
1108
8504
3092
7477
6953
9805
4157
3121
4705
6160
5378
6704
4783
4865
2713
542
427
9357
2980
8094
4491
5334
242
8167
2574
7322
2590
7651
5854
2607
4641
7116
134
7227
8319
1483
7609
5476
5186
5472
7860
2502
8165
1502
3307
7759
3866
5115
6910
6921
 64
7321
271
5767
7442
3274
7558
9079
6501
8470
4529
1950
4805
3981
3367
5918
6482
1574
1174
5033
576
2964
8443
4422
6262
2440
2653
4765
1409
5254
2691
433
7283
8694
6692
6161
5563
7572
7409
8523
8859
5212
2299
4870
6831
1959
9909
6786
2118
481
9610
8301
5091
5600
6387
4690
7020
4030
7275
7666
6065
997
2621
1900
2053
7517
1343
3472
4012
389
8864
1769
1987
7814
5518
5342
7658
4239
2673
9353
2690
4419
2235
7993
1176
6411
3063
6321
4350
4574
3298
2696
8826
7375
9169
3505
8164
5929
9999
4914
9311
1071
1765
5714
7369
7060
1280
502
492
8077
2918
9158
1914
9036
9007
7234
3937
1853
226
5887
7468
1332
5350
5659
2032
1489
4983
4292
3938
5525
107
1533
6141
5615
6201
9327
5456
9648
9389
1354
8120
5650
1128
4907
3188
751
3671
7128
3321
371
4134
1299
3703
9806
9622
7808
908
968
6122
3363
5683
9142
7889
628
9972
621
6340
9414
7659
7068
5942
3735
3377
4987
1642
7252
1459
7742
6288
1476
8876
247
5076
3501
8185
3468
462
4763
6200
649
5838
8085
9633
1675
6151
1257
1694
550
7763
6895
7129
404
9503
5060
7721
3208
5175
4700
5205
6958
1345
8126
6398
1591
345
5415
7161
8870
4120
3852
1736
7296
2175
4555
7073
3834
9495
855
7994
9912
6928
2122
2020
3372
8356
3601
601
1478
5772
4766
8479
2935
3105
8138
6998
9478
8337
5755
2916
9944
3886
4147
6210
9047
6510
4468
8841
8209
9149
607
9906
7677
6485
308
3157
4493
9847
5248
2877
8046
5564
8979
168
2178
2111
8722
9809
1919
8747
4997
249
2573
172
2225
6574
6028
1210
7316
6096
311
5006
7854
3717
1650
5336
7978
3344
9839
8676
6163
179
2528
8670
3499
2283
1612
1015
4005
4834
386
9119
7998
 55
780
1067
6086
8740
2449
876
5266
3058
3477
6232
2039
4580
6837
5598
2959
1460
3375
6062
2218
2523
2890
2199
8832
1852
8070
5398
1501
8805
1775
8600
2332
8827
2508
3125
9431
2286
2832
9834
5982
5418
3343
5717
7688
3448
1831
121
3493
1117
8945
4191
6317
3533
7591
5353
8275
7087
4053
4318
9897
7136
3004
3110
5435
4936
7470
2302
8672
8175
3011
2512
808
7095
7824
3026
555
9499
5939
6719
3428
3421
2058
2276
5176
2596
1068
262
4316
9309
9589
2969
709
646
5949
7111
7273
851
5090
195
6055
3645
9940
153
9540
8651
2733
750
8838
4280
3813
5385
833
8708
6383
8711
8794
 27
1090
7072
7264
5763
611
6218
5027
338
4798
2105
8835
5543
3667
2822
9501
1258
2552
9768
7231
2799
881
7954
7544
6911
1391
2268
9122
4125
2278
6619
6015
4516
9930
3431
7977
3564
6916
8768
4485
3907
1490
6755
4489
1894
8096
5298
5363
3076
3284
3530
9737
2654
7829
6514
7774
1918
1092
3134
2247
4957
4354
726
5125
7104
2034
2167
9294
4755
7350
5853
9623
5230
4546
6251
4919
486
3666
7582
275
4185
8357
8459
4488
3621
893
4873
2997
1314
1177
7419
8043
2751
2715
6660
7217
3534
8267
9980
5020
9790
3168
6429
6784
4617
6650
3259
5017
1704
4839
2871
1705
2626
1229
3312
8705
2767
3424
9199
872
1400
3072
1208
923
9136
1434
2948
1645
5956
8550
888
2933
617
6426
2076
6216
2591
3517
5461
5924
7366
7476
9029
8714
2228
661
8302
7148
8997
5589
2390
4817
2695
3148
9254
8660
6368
 45
3719
4341
8758
7041
7932
2311
9851
5606
2504
276
5482
8823
4934
538
8748
5233
5701
9700
3811
4506
235
3486
3888
4319
152
7938
4078
8329
9482
8012
1172
4973
5054
2424
9423
7577
7709
4309
1760
2746
7945
8198
2825
857
5843
8804
827
8729
983
2860
3020
9766
6103
1048
1252
5978
6029
4929
6226
1395
570
4379
1432
8862
6864
7342
455
8613
9150
4060
4112
1670
4145
1273
8543
5877
6316
5922
7406
825
3456
5990
9761
3131
 72
4927
3992
4717
4996
4948
3772
9835
5773
3179
6401
7418
2976
5688
7984
1249
8320
6378
2145
2215
5840
220
5135
5239
8235
3536
2839
9838
8874
3231
6791
1116
9718
1065
392
836
4949
8494
3586
3399
3857
2500
8155
5526
4665
7460
7174
706
7430
4837
3952
3562
2897
4167
4323
9765
2369
9970
5999
8140
6611
7531
2229
1942
1018
6700
1436
2474
6731
1187
3164
8506
7318
2875
9481
847
5553
683
1841
6706
302
1560
2837
5282
4693
6003
8616
1677
7267
9662
4704
6442
1554
2433
541
8773
9338
2913
2382
1830
256
8184
9477
1855
4908
1928
4492
3902
2952
4003
8847
3827
5979
7538
5428
475
5566
3629
8625
9263
2326
5293
6285
8239
9727
8276
8712
5562
4364
8521
7765
4613
3599
1907
2146
9987
2165
5684
9172
9469
6487
9462
6555
1183
1696
7216
1416
9068
5190
5155
6500
4500
3546
3787
2160
5996
1545
2147
8040
4071
8067
689
8013
578
6129
4142
4023
5700
4220
 89
1419
8310
8181
2545
2619
1624
1115
4196
1657
8587
1150
7780
2409
7220
3889
3401
1077
2171
7838
2482
1801
6004
1766
7147
906
1786
7919
894
7284
9351
7490
379
2726
5477
501
3201
3406
6760
978
1639
2704
612
9089
3986
3114
9102
7498
3049
5568
6891
2408
7551
8422
6450
483
7466
9989
3924
5559
5401
 56
4539
131
9331
762
1562
4155
9960
4351
4019
7752
5991
6668
522
8597
259
9548
3553
9231
3762
1665
8458
3247
4729
1737
4314
5149
5127
783
9886
4438
4795
144
7133
8461
6855
5354
3364
5257
2443
3370
6444
5637
9296
4677
5025
8966
5964
4161
6942
8915
879
4411
4359
3260
4673
5462
5580
180
4497
7702
8450
1525
9101
8054
2495
4275
7444
4588
1424
2059
3096
2672
9867
9509
8741
4811
5015
4311
9802
2533
705
5762
654
6730
6110
5110
5454
3979
9349
6374
9894
2004
356
3939
6490
3790
1382
952
6823
495
9195
2618
3744
5055
7309
7835
3222
8706
9500
9739
3592
1668
4457
6533
2565
3861
7117
2762
7122
8079
6586
2788
897
4846
422
8850
3918
6394
3248
4566
5226
1471
4261
5669
9578
1444
5510
8068
2234
6300
6511
6612
2805
4746
3177
1985
9141
8351
1534
7008
4162
3615
2067
5262
7934
849
2402
1164
4140
9161
5288
7202
6603
7734
7786
1575
3491
1081
1777
7199
969
7748
3879
1473
6088
 71
7989
5619
2193
3880
3705
1491
859
2927
4864
7456
287
7914
8643
3455
8594
8183
9461
234
3080
3411
6707
430
2782
7777
9510
2745
5680
3745
4596
466
9383
1958
2340
6152
733
1114
6561
4176
9348
7143
4415
9942
265
6095
4642
9103
4931
7724
5492
7535
8751
7852
6023
8371
10000
3003
6613
1954
7655
5653
9996
9186
5119
2983
9273
4101
4502
790
9205
5802
2850
7725
8369
4463
1763
3382
8675
1178
6360
1672
774
9185
2304
2914
7135
3543
4421
5163
2174
966
7714
4124
8221
295
4363
440
4854
8130
6517
6949
5720
4499
5322
7383
7388
8306
2078
6236
6309
8701
3046
958
3725
2450
7664
9507
2126
512
9779
6144
3699
9475
9310
5420
2744
2876
8922
7237
6413
437
6593
9215
8471
4342
1543
7654
4473
4447
1526
6604
6105
8200
1233
9885
8177
8376
4990
540
2436
4442
1303
9603
806
5621
341
6889
8031
2507
496
7970
2786
3766
6128
2960
3784
743
6270
8153
4298
5548
2904
1188
4888
4501
4518
2066
2736
3634
815
2743
6726
6343
6563
7670
7130
3778
3374
1464
9118
3893
6297
519
5051
6542
8367
658
7165
5265
4750
3273
8147
6545
3117
4527
7855
5614
2753
7408
8636
3613
7040
2005
7063
4255
6743
4568
355
6773
1225
5206
7801
5095
5959
6205
7817
9184
5915
1033
4177
2810
6896
4697
9052
7355
5800
4131
6547
682
4398
8368
8875
3925
9210
1270
8023
3342
6805
566
6345
4889
5923
4549
7858
9252
8766
7003
1854
5727
7242
6092
9427
6312
2447
5508
7201
4086
1276
9487
3897
4598
2464
9269
841
9458
2891
9740
671
5078
5223
3641
3462
6132
3631
8512
6470
6230
3437
6397
9522
984
4025
8663
4204
2636
198
8253
5729
6850
1393
8684
5231
7035
8260
6696
2072
3618
1414
3673
4989
6609
1363
4941
7050
6987
8286
221
2680
4242
2802
6836
7235
3740
6248
4991
7639
7437
9019
1908
9712
9905
1966
8637
5718
9914
3940
9567
2200
9187
4591
2461
2071
6291
5301
2419
8791
8541
3211
8608
2080
9072
1107
9313
9574
9373
3799
6445
4680
4171
137
7195
6080
8001
3675
5120
278
8710
9410
9575
2420
375
4614
1321
9178
619
2738
4775
2864
333
7686
1482
8201
5014
2139
8535
1406
4868
5931
2639
9854
769
8732
8321
506
6617
822
7565
7416
9120
8992
3066
7064
7469
9549
1597
9440
7844
584
6353
5793
6272
9056
9399
1869
3527
4175
4279
2429
1576
8833
4356
 10
9304
6682
4285
3891
3209
2209
340
3450
9913
2055
8309
3867
4900
3796
7634
7594
4232
3972
6903
2894
9706
417
7730
3013
6843
7304
2610
1618
9324
9948
1835
461
5859
8569
6072
5648
3044
2703
6217
5780
2655
5905
4022
3358
805
6299
1791
3921
602
595
8690
8588
5933
4368
4906
3139
8283
8361
6087
1100
7541
2457
8579
1292
6531
4380
3320
7596
6036
4791
766
5137
6722
133
194
3697
9741
8738
2597
7744
8599
2248
6922
2285
2121
7363
6582
3963
1517
8840
2252
6559
8060
719
946
252
2315
5647
2622
2544
698
3783
394
7629
3091
6295
1230
9926
9521
9386
1862
2391
6469
4507
8204
2370
3603
3572
3519
9114
3841
8272
2804
 77
5769
8397
5451
7923
7532
5161
6654
9844
8590
690
869
468
6804
1781
755
3670
2855
2747
6792
6294
5111
8192
9658
9171
2119
3025
5397
7279
8923
2301
7251
715
6627
6074
747
8810
8801
4303
7669
9927
204
3698
588
1352
711
3633
6477
175
6564
6782
1014
7971
4450
660
9786
2598
990
4733
9920
7184
9395
4312
9162
9609
505
2394
5591
9543
5730
6769
8739
4353
2834
4103
4723
4743
8538
7163
3851
7676
6158
3782
1994
7331
9075
6737
5507
7896
4469
228
3434
3998
7006
4513
2624
644
7584
3639
1070
2272
4209
7384
2129
6945
9140
7916
6083
1593
8861
7727
1381
6764
2324
8867
3050
4773
6687
985
6405
8362
1231
1779
3339
8112
1625
2659
7668
2319
246
6224
9345
7697
7575
5252
959
6233
8653
4021
991
2044
2281
9963
4969
4878
9728
2001
1531
2217
337
8282
352
6578
3722
1510
6835
9584
210
4461
4734
701
8633
4437
8064
516
2975
6646
8218
6209
3612
2130
2063
9830
8247
8560
1687
3167
4408
1725
5384
7286
1165
9958
5569
9506
1986
358
1948
8896
6814
6494
4793
4195
7211
4999
3324
3132
9918
3817
223
676
1903
4978
1211
1300
6453
5670
2226
7432
1940
8609
366
5643
3504
1064
8039
7507
4840
6037
1690
3579
2212
758
6863
1498
4790
9130
8671
9904
185
9744
5487
7058
5310
548
2531
4966
2541
7395
6806
347
6906
7062
5488
2222
6476
3037
5842
8348
8818
2644
1331
6826
3743
1673
166
7065
8315
8544
8584
919
3223
2345
2110
3467
4184
2676
1016
8995
6861
6732
1488
9642
4462
937
7787
7223
3890
1002
2889
1602
6675
1870
6957
9194
8069
4687
8635
3532
8553
988
7401
9632
 70
8296
6899
399
1427
6229
5855
3578
7471
3078
2092
2830
2950
5535
4453
5594
6839
1691
2946
5833
5101
5045
9061
6347
5284
4651
8695
9494
7692
9869
6195
9233
5697
1139
7536
9053
3971
7570
229
4554
7890
5042
4818
7086
1154
6323
4235
1462
3257
6035
8188
3870
9938
104
9701
6931
2620
3823
473
321
9585
8623
8314
7317
3142
7871
7428
9871
1756
8312
5092
9733
1407
1961
2727
3262
1663
5852
2617
4436
9154
1146
1813
4247
5969
7462
5001
9808
202
5236
2893
2155
8522
6150
8010
9126
3484
233
3793
2362
6228
5246
3390
7913
7524
3807
2604
9947
6097
2849
7053
6098
1969
9848
7105
3325
3308
8456
3948
6486
5294
9682
369
9876
7022
2562
281
1098
5174
9707
2506
6136
623
3102
6588
8426
435
3217
9692
8460
8073
2095
9152
6275
9907
6817
431
4855
5541
1319
1703
6607
8111
213
 40
4259
4482
164
2595
8657
3445
2999
4826
1066
568
8996
402
3099
8242
1886
2042
1030
421
2518
6705
8983
9326
7827
1145
1284
610
6546
1702
9568
9236
4564
5341
3839
7690
7731
3577
8410
9447
8680
5438
6541
2318
8895
8211
9255
2143
1733
3607
6797
7206
1792
3183
7092
9402
1634
4381
6748
7529
663
2923
8223
 69
1302
2882
7367
5391
7947
4296
8605
8100
2415
3934
5540
2908
8424
3849
9401
4581
425
7156
6100
396
5766
1640
860
2550
3714
5085
2915
5238
4241
2887
622
9985
1622
6601
799
3171
6049
5314
9082
5372
2940
5639
8038
6017
1850
8083
1442
9086
2275
4849
6695
7057
1291
3883
6119
6301
3444
3033
291
8423
5733
5169
1190
5529
6924
7992
9409
3518
328
7179
2329
5848
8788
8998
8212
1143
3868
7221
4475
2815
7213
4149
6056
9321
2784
5665
3917
5560
9278
3253
2101
1469
6050
6810
5549
5386
 21
7474
1787
9062
8071
2134
6182
436
4747
1952
3459
1523
8441
6821
5105
1457
5624
6447
4628
4736
1938
4483
6493
2498
2069
4541
5633
8092
2886
7414
8019
696
4631
1750
8567
2173
9350
8736
9892
4509
1277
904
947
5909
4348
1922
1484
1138
7698
9391
9384
1374
3008
1205
6351
9176
7788
6170
4808
5804
1140
6094
1025
6598
9562
5894
3926
9577
1707
8685
8700
2790
5925
1878
605
8489
5757
2852
4010
1680
8440
1006
7991
4062
8160
1310
1866
2501
1686
126
8664
6815
4898
4114
5022
8812
9923
3056
8294
9655
5986
1389
6562
4512
2280
5303
6369
2900
6717
1595
6573
3651
7361
6936
2355
2775
9593
1584
1055
9667
8481
7833
9117
8405
6491
4481
7745
1492
6677
3831
8042
6313
3927
3662
2223