172
2823
3309
3179
4685
1883
2146
4079
4599
2049
1088
3974
2854
4615
3301
1509
2182
2255
3245
876
10
1379
4247
1380
3645
996
978
1189
868
3344
2083
4848
461
4361
174
1810
387
2215
1877
4492
476
4543
2030
2476
3261
2659
1352
3432
1553
2827
3527
1465
4472
349
16
3875
256
2976
2492
4286
4770
1504
3277
2796
912
3545
3224
1489
4226
2909
989
4299
4523
2333
4929
4856
3097
478
4497
2812
1004
4803
1185
3930
2632
4014
4374
616
432
3826
3423
2045
1991
53
292
2855
4439
4509
1536
1072
1791
722
4963
365
3120
4406
1461
4215
2902
1027
2825
4293
3024
4182
4030
368
2164
3799
2464
1313
3978
3442
3846
4510
3370
713
2257
1820
2733
2678
92
2692
3912
877
4936
1282
4409
345
229
4816
1594
4086
4499
3349
620
294
2101
124
1158
4494
4419
2051
1302
2429
2561
2592
4416
1661
1525
2873
1142
1823
2038
3308
944
3767
2834
325
4296
3131
326
1651
3664
1503
3376
202
1213
3716
3281
515
51
3587
2039
1972
690
48
3780
654
3479
1674
4187
951
185
3807
1664
3611
1561
2058
1389
4581
1588
3343
1907
1520
2417
2122
362
562
679
4349
642
923
2226
236
1982
1678
1217
4430
1111
3182
3284
4453
4288
4235
3935
4211
1327
879
3804
1901
2127
2863
351
2430
3748
3874
3068
3933
558
3351
4607
3524
72
618
1091
75
4090
4746
2453
3738
167
1821
4606
985
2973
1043
4343
4629
3857
4753
3332
1758
2126
3223
4675
2104
610
390
1216
102
3476
2336
1684
2927
767
2597
270
3925
170
3485
555
2926
4437
3937
1361
3458
3169
1160
4913
2986
1618
4395
639
3557
235
2103
2816
3950
4745
3544
4825
4881
2673
3418
1950
2786
1336
1579
3429
3463
2626
438
4500
3530
3498
907
2740
4167
2367
3579
3384
3255
3942
3657
4420
818
4248
3092
3613
380
1324
2867
1136
3711
1303
4237
589
1895
3263
3809
2751
2641
2508
1560
4860
1683
1757
233
1829
1530
1613
2655
3392
144
3431
4575
2905
3460
2544
4983
1372
3764
1270
2084
4797
3737
2666
3260
1598
4036
366
2682
3593
1634
2700
4456
4059
151
1010
3170
1704
2099
2737
1462
883
1420
1478
4896
3124
2906
4892
1761
2470
3166
435
2747
517
3955
3712
498
100
1084
1118
4995
765
1233
3462
2432
2120
3836
665
1087
376
3922
4937
98
1444
220
306
4812
1625
2807
1778
2035
56
1541
2788
4151
4858
1252
2335
3067
696
4490
4249
1059
3739
107
6
3512
2393
1602
3142
3652
3
838
2137
2578
1006
1312
4078
4029
4918
3199
1896
296
1774
402
3503
3295
4212
4561
2158
4278
1359
1866
1649
995
3177
1077
1773
4306
2736
4380
1626
4308
782
3624
1250
4851
4150
4100
2371
523
2192
2999
1292
3688
2528
1606
4549
1610
1808
4220
2968
622
2860
228
3082
2329
4807
4462
347
2093
60
3599
1604
2136
888
3594
1150
3728
4582
153
1966
4028
71
280
3692
2785
3554
2337
1892
4975
2500
3789
186
1686
197
1374
3983
1529
778
775
2789
538
4033
143
1517
1867
1026
3089
2280
2252
1037
4265
4572
4787
1603
1399
1611
3341
243
2532
1565
2534
3976
4105
2581
110
3356
1697
1750
663
1587
201
3546
3228
2080
1155
3141
4224
3802
2509
4567
4935
4508
4981
3198
1906
3052
2356
1145
1915
2960
3033
3889
2195
2830
3192
1162
3213
528
2165
1
3026
773
2306
3794
814
2910
3816
835
3849
4656
906
1486
3467
1524
4553
2360
1703
1944
4104
2871
796
4799
3450
1875
2779
2100
1354
3354
4758
4399
4811
210
3350
2887
798
1323
2415
3540
2234
2256
495
1452
4952
692
2760
968
2187
1492
4362
623
2277
305
4350
2969
3956
724
386
4281
4560
4040
4309
333
3455
4218
3337
415
3905
1241
4972
2005
1458
3266
683
3709
669
3682
136
457
324
4946
1287
4103
456
1356
1836
1456
4627
2112
701
219
2683
2672
2675
1980
111
2982
4180
246
139
1438
3055
3647
2109
1639
3562
1193
322
2366
2157
1563
3233
4135
4524
2852
2168
1423
1169
3932
4559
3683
2254
4083
199
1225
889
860
2042
1182
3561
64
2174
3232
3785
3603
3795
3577
4948
433
1682
1288
2555
3034
2016
1294
2562
2649
3886
4555
4493
4190
4695
2321
935
4336
1320
3831
3088
845
1571
2712
3314
521
3353
1781
2979
2493
2491
2974
4684
3934
436
273
468
1236
4269
1219
1641
2190
2750
332
1348
4209
803
4680
1667
3909
4042
2196
1585
3729
3265
4620
354
371
2213
2387
686
146
4930
573
1467
1938
4644
816
2970
2271
1220
2365
2345
2450
3811
4121
1342
2237
2714
689
1463
1940
1024
3601
203
599
871
938
4539
3021
1976
3820
4721
299
1319
1130
4314
2660
3949
2214
3251
3456
4333
2243
43
62
977
1387
3915
4886
3945
1430
158
905
948
2708
4022
3380
2473
3995
2107
4093
2171
4712
14
908
3259
4171
126
567
579
4414
1301
4987
410
3056
2267
459
1290
4483
4791
3287
1466
1689
1580
15
4535
1807
2286
315
1471
4260
2690
2392
1244
1998
4001
913
1231
462
1079
706
3713
1242
2494
3896
1971
1081
108
3496
2920
2890
3340
74
4076
1922
3408
1665
1985
11
319
3751
580
807
4165
188
2698
3369
2687
4047
1575
3947
4117
81
878
1956
904
65
1300
2021
2466
3859
4251
493
1569
673
1419
1174
2355
2989
1516
4855
2015
147
4966
416
406
2541
973
2383
2108
4332
4669
4903
3768
1607
4071
1446
3604
323
1894
2029
3675
1275
2556
2776
4039
2204
726
1259
1034
2434
4733
2864
875
240
3165
2217
3283
3433
1903
3157
4426
193
283
2031
3755
1647
1546
1741
1818
1824
4788
1701
463
2513
4639
1483
2309
1382
1017
565
3007
1747
4451
630
3160
1874
4583
1469
3190
4893
221
22
4736
3783
703
1691
1073
3581
2706
4002
2821
3946
1396
3324
3430
152
3076
18
4989
2183
840
418
2055
655
117
3858
2790
2805
4412
482
4292
1885
190
4176
1255
2575
785
2866
2768
348
2025
2515
4944
2918
2665
2467
947
3969
3139
4779
3040
2289
4774
784
1891
837
3533
4279
2775
3085
2802
4424
3555
3856
2876
489
4622
1477
4527
479
3060
760
3769
4393
475
1702
3493
1048
4050
3145
1707
169
2481
4340
115
1120
4222
4541
526
1840
1116
2699
4200
2843
2721
3466
4202
4513
544
3401
4842
2966
830
3074
822
340
3605
4846
941
4636
731
3421
4048
894
1491
4727
1121
4988
756
3225
3471
4743
621
30
1822
605
1910
510
3939
4503
417
2053
3899
4964
1289
3372
546
1719
4300
2349
1334
821
4682
668
2728
529
4413
4101
4270
2557
4264
2169
4326
2223
2965
3267
823
1286
2653
1542
1596
933
1555
4383
2667
1448
1592
4250
3111
4236
1879
486
2054
2346
4011
3625
900
3327
4327
4674
1570
4304
307
3246
1632
4129
657
1378
3694
511
2133
1280
4954
1872
4714
3872
3612
1696
2170
4532
119
4271
4777
4796
2046
1904
4630
2808
2043
4956
3400
2741
1898
1534
4128
4618
2624
3329
920
1657
3083
2608
899
4189
1861
1490
2316
2922
1650
530
3342
36
2305
4908
194
3732
1929
2199
1147
4822
216
3047
3029
2668
4313
1593
4556
234
2357
3010
2331
3152
2138
3054
1646
3041
2130
537
563
3207
4062
4624
3911
2878
3171
1507
2793
1332
3958
1355
453
624
4681
4971
2282
1937
4719
1381
4739
4949
1196
3189
2231
429
3011
2410
4977
3252
1085
4932
3449
2503
2934
744
856
534
2074
4808
1135
2959
1725
609
1538
242
1518
1239
2441
4214
3200
964
3049
1186
1437
3747
227
1488
2480
1279
3791
1208
3548
105
3607
4764
2338
2259
1636
2533
1050
4035
1215
858
4915
3840
4782
497
112
4403
1180
1337
181
3434
2073
446
815
4056
4113
3827
3212
1202
533
2930
1545
4664
4595
1846
2273
4729
4329
4591
3661
2839
224
2551
4158
3541
130
334
2617
317
3095
2225
1913
2769
2520
3782
2340
922
2745
2565
2554
687
4612
42
1345
1556
2145
3991
664
89
2848
2111
1376
4161
2150
2783
4927
4145
24
3195
2067
2913
1230
1803
4993
967
743
1455
2425
1533
1715
4631
1416
734
3247
4007
850
1921
3507
267
795
873
3330
3852
3374
1754
4771
3254
3427
1093
1435
4156
1260
991
3620
4111
4058
4778
718
527
4804
458
3633
1742
1473
651
3592
1680
1793
3084
268
2456
4882
1786
467
680
2915
3522
1554
1881
1496
4069
2889
4843
403
2445
2506
3091
2576
4392
1638
4749
1964
1268
2710
4323
104
4481
3280
801
1262
2339
1669
1272
766
427
473
1584
3990
956
3916
729
3378
3220
505
2431
737
3335
4844
2514
2517
1630
1737
1431
3001
3901
3563
4274
33
644
4134
2096
1705
824
569
1031
2110
164
3649
1450
4687
1476
1429
3539
1167
1321
4280
4626
4024
2173
1305
1339
4172
1369
423
2442
1995
132
1655
1644
2826
715
2463
2907
4411
35
88
3038
1830
3936
752
222
3853
848
2452
1605
4551
4824
2898
3006
976
1635
1132
2981
3360
2594
3210
2325
2952
2479
932
3505
245
3787
3454
3810
2324
3415
3276
852
1997
1074
4990
3000
2232
4661
3973
3689
3114
2233
4637
2090
4522
4458
3584
4164
4234
3237
3144
2285
1986
2379
1762
1309
449
2416
4671
4838
4436
3988
223
3164
867
1056
3167
2718
1535
3770
1952
721
4188
1200
3008
4457
1714
1954
480
1673
3355
711
2299
2469
1869
1015
1422
4542
3202
4700
2008
231
1405
2475
3808
3062
3653
1075
647
2292
293
2861
3181
2806
1637
3504
2814
4174
925
5000
3999
1764
2693
1775
3883
1660
254
4958
1484
2892
4351
1930
4131
2141
3621
693
1780
1340
3904
928
3174
2701
3090
189
4576
1591
2846
4757
2711
1658
3168
1990
1987
872
2350
1007
1935
1920
1266
3556
3865
1012
3379
595
3801
2602
2149
3299
1097
3492
4563
3696
934
1977
4805
200
1029
1159
2354
4459
2400
2585
758
1642
4699
3393
2656
3714
3918
887
790
1474
1931
3617
4357
279
841
4705
276
1711
1916
2614
2458
2352
861
2629
3837
4375
1734
646
3842
2679
863
1061
531
3016
3775
1981
2348
2794
3109
2376
4709
1688
3098
2391
3656
79
184
862
3123
3214
2547
518
625
4146
2833
740
541
4423
4310
4741
2720
3552
2132
4168
4443
727
2799
2519
4114
266
614
4238
2152
1973
2166
4285
2020
4144
477
4389
3046
547
638
2646
2382
4917
311
1597
211
3838
359
1582
999
4828
1833
4813
2424
1510
3608
1495
984
2263
990
3952
339
2525
4445
3685
2125
2017
3017
2427
1733
91
4230
1945
3638
1404
3678
424
806
336
596
3386
1721
930
3844
2582
1426
1771
397
3861
2584
2774
808
4263
4568
2754
1728
2941
1586
1961
2924
4536
772
4139
2925
1314
405
902
303
577
783
2899
3667
1020
4596
4070
3774
2076
4732
4635
1018
125
4570
3304
1765
4396
1412
206
154
3566
2914
4073
874
1513
1384
3796
2730
3719
2296
2419
1346
826
1388
4321
1965
1041
2422
949
3710
2088
1863
2606
2590
817
1526
3025
400
1112
3013
2098
4693
1138
2849
3888
1805
4780
1946
1888
4688
4208
335
4940
757
3413
4933
1364
2147
1228
3477
2094
926
800
2566
1047
640
594
2059
3012
3310
95
3742
4404
699
4772
4974
1156
763
1067
1970
3173
4474
2412
4228
1783
4655
3447
2643
2284
86
728
1322
676
1802
2874
3373
1141
2428
2748
522
1628
855
4394
4297
2404
4866
2948
1016
4820
1551
536
3793
4909
3219
2156
4170
4133
4657
2835
1325
4421
2320
1769
3059
3884
1578
4087
3536
829
3517
4867
2559
994
1751
1566
3030
3412
3877
3318
1543
2057
3348
2803
1838
1953
3473
1759
921
2216
1815
3048
559
1023
2507
4689
2658
3989
667
809
2595
1855
4130
1238
1804
3914
2919
961
428
4912
3312
3121
1191
1506
4378
70
1152
2644
2399
3980
3405
4907
1036
1527
1676
3619
396
3211
4045
1908
705
4577
508
2488
2343
4450
714
3927
2496
3565
1699
492
4005
178
249
2381
1549
3597
2531
3870
4317
1385
2224
4853
412
707
4320
4942
4346
1740
672
4514
1310
4051
4984
3188
4339
3470
4832
787
2364
3239
3564
882
3893
3725
31
2236
2408
509
2817
3777
1065
514
659
4455
1443
3879
738
2680
3279
1028
3895
1745
2949
2077
4204
343
1114
1914
3776
3159
2161
897
895
993
1620
4710
1984
4617
1843
4003
1373
1293
2746
3778
1198
1559
1103
3274
2757
3382
382
2276
4153
3535
950
735
195
2071
893
465
2498
2024
4569
2380
1871
485
4717
2268
2742
4479
4641
4766
901
2512
4747
1370
3954
3727
3671
4592
2326
4690
1481
1330
4245
1003
3028
12
3697
1475
4970
4175
892
3891
2957
3706
998
4491
3285
3472
3187
338
1826
3015
2620
2034
4718
3390
3151
1627
2932
2033
1539
450
958
1835
3136
297
1717
372
2709
2763
2993
3985
1837
3282
25
1051
3520
1589
1905
3798
1377
2358
2694
4434
1375
3264
3873
3693
954
3830
1014
391
2758
4335
3839
3876
1708
4106
4945
3582
2931
604
2418
2201
20
1089
1502
3668
2996
942
4257
1654
4814
916
2530
4471
2239
2472
4835
4438
4107
4363
3650
4258
1523
4653
2495
3221
4138
342
356
327
3339
1338
3229
1390
1884
4938
3754
1656
1197
3116
4365
1859
2294
1022
1190
381
3907
4652
4324
4998
733
3300
4463
1460
4466
1968
4507
1201
2964
3651
3975
751
4968
1224
3099
96
129
2535
320
1505
2198
2841
1406
3475
602
2302
4115
677
3600
2375
4341
2197
793
776
2085
451
3832
2886
3828
4282
593
2648
2435
2244
1383
2851
2206
4994
159
3690
4891
4619
971
1779
4831
551
2942
2798
2761
4849
4760
997
1104
1414
295
1784
1962
3537
2526
1013
2334
4287
4091
3268
3240
3227
4345
4262
318
1868
3381
1787
3366
2209
1343
2657
3513
2129
155
4053
4240
890
1969
2615
4331
2176
113
1558
3672
3452
3313
3722
4701
4711
2654
584
2536
607
3765
2587
2184
1329
2896
2612
116
3622
2322
3549
1246
1133
3241
2421
3819
4183
2640
986
771
2677
2872
2275
13
2385
1306
1919
4905
1573
960
2311
524
3191
398
4302
606
3908
1857
4085
63
4552
2944
2389
2844
1941
1521
1417
3957
2295
4410
1393
2191
2572
3216
1424
496
697
3834
2402
316
2048
2189
1409
3319
2007
1716
1498
205
3495
4640
1685
660
1927
1403
1243
4094
3962
1131
4941
1363
1936
4432
3231
4562
1923
1082
4489
1494
369
82
3813
1800
2600
3825
3501
3815
4504
3996
2992
2550
969
4407
3362
3417
1723
103
4405
1882
1839
1547
272
2888
866
3468
2159
684
4397
566
2344
248
717
3880
3640
681
4906
180
2477
1493
2962
2738
2732
2409
4464
3045
1957
955
851
582
4089
1249
4830
4550
653
237
3397
204
2563
4602
4120
4425
3928
2272
2879
1269
2568
4382
1035
3863
4765
4922
3518
3320
4642
3039
2210
460
1207
2943
3035
1033
3461
37
4528
247
720
80
4444
4125
4179
4573
834
1974
4840
4702
843
4418
2082
4052
1101
4266
2036
656
3641
265
1845
4643
3073
3072
1164
445
2928
539
3771
3445
4897
1902
1194
4874
3484
695
2377
1849
452
2840
3511
3993
4586
1925
2462
857
3197
4845
1934
2647
3960
4216
548
3707
1205
2446
3243
4367
3575
4442
2537
1137
2877
2154
2603
393
4548
600
2116
3510
1427
1267
4565
46
4950
275
1485
2637
187
789
3063
2323
1251
4810
2984
4898
378
4773
3534
2241
3609
939
284
4819
49
4488
2988
4137
557
3698
2770
2265
394
2414
3094
375
4166
4724
3302
4352
2003
2148
4241
3961
93
3334
4593
3375
2167
4692
328
3253
774
2448
2327
4902
2567
1955
3630
543
2013
73
2522
4160
1951
3691
4223
1039
2362
3686
3684
466
4110
26
4708
4876
3854
4847
615
1299
4415
1360
2396
2810
3081
58
2715
1540
1119
3676
2766
4484
2778
3590
2245
3481
4092
4376
1568
4547
3567
4704
4904
4229
3634
2438
812
3003
367
300
2613
2270
1720
264
101
4384
3311
1577
929
833
839
1841
631
972
1749
1227
975
919
3132
1712
909
4762
1021
4289
1958
626
4485
1333
499
4521
3560
2079
3626
1873
1959
4037
4713
2370
3506
746
4781
4255
4668
4460
2828
571
702
3906
2929
2474
4600
2151
4253
2457
241
2983
2230
2911
2689
880
3411
2571
61
3134
3784
2378
2663
1256
278
355
1624
2669
946
2630
99
4055
561
177
4095
4525
846
1391
4982
2368
2181
1963
3516
4821
1451
1472
2611
1531
1847
4385
3550
3570
1799
191
4854
694
2341
1181
3759
2291
825
3119
2250
2160
2121
4511
2916
4579
3526
2097
3483
4231
1107
196
3286
564
3307
2155
4605
1274
937
3441
3867
691
1445
59
3061
962
2221
3439
3488
3494
4696
2596
1253
4487
2423
4217
3258
1053
2553
34
3573
4291
4446
3044
3662
3659
556
698
3289
39
4322
545
373
2858
3489
501
4973
1718
4720
4557
3981
598
3598
628
218
4859
3388
2023
2180
4501
1668
650
2521
603
2997
1459
4141
2229
3987
678
2688
2301
1214
2342
1887
1283
1870
57
3824
106
3525
4400
2175
3843
4678
2961
4009
2777
2885
114
3105
230
3474
1095
1816
1223
1926
1564
1203
754
864
1790
3864
3642
3065
4064
3871
2022
2139
847
374
898
3009
135
3515
4315
3155
535
3031
1140
3204
4213
3161
1099
4871
4663
4761
4185
2923
747
4319
3543
3147
1844
2684
3113
3117
1851
3446
3618
3964
389
1124
2998
1710
781
613
4186
4006
1184
3790
1878
3032
1724
1967
4654
1316
4728
2645
3402
4338
1163
3508
4868
3297
3490
2883
4041
3352
1583
141
2089
2482
4931
3053
2545
2542
2749
3363
3069
3333
2772
1188
175
3953
2723
44
4726
1794
301
4371
4337
4759
4965
3158
4197
3071
3868
3892
3913
472
2041
4505
3457
1407
2518
407
3206
4961
2801
3178
3559
85
2735
4742
3102
404
1897
2634
1744
1157
3643
1154
2579
3291
2651
3103
1949
3331
1425
2091
811
5
363
1298
1612
2625
464
4454
2552
4698
4034
805
1653
1134
2633
3881
2822
3595
3122
2759
742
2086
1713
2194
2026
252
2313
1129
4955
3129
3396
4097
2937
4877
2106
3800
454
1199
4203
1273
3273
2433
568
4740
3042
1211
4311
1418
2056
3984
1548
3328
239
3855
1055
448
4943
4360
4611
4088
542
3443
3303
329
3788
121
346
3910
2486
4986
4469
700
21
314
3230
592
4979
612
4303
3749
2619
504
4763
4273
661
2114
1532
2113
3674
2487
2497
4370
4748
1042
3242
3064
1996
4122
4837
2227
3249
1362
2546
1433
3325
3741
437
3882
1706
2095
2791
4645
1002
2980
3968
3970
2064
434
2483
2449
3193
4750
3615
3646
2455
1102
2903
4468
525
2510
4526
1247
4084
802
1447
4735
3005
587
2019
3486
3781
2809
4530
4672
198
4862
4372
148
1171
1992
4784
1428
3792
2403
2388
487
1308
4833
17
1574
4829
441
730
259
1648
388
1357
1514
163
4960
619
627
516
2118
3578
1924
1817
3137
709
3175
1304
4755
4275
2440
4152
591
3521
3480
749
1468
4388
764
4529
162
794
3196
134
3464
4099
1168
2304
2238
2662
3293
4126
3994
1235
3658
4066
2523
4534
2228
2010
1672
3156
1125
4546
1960
1019
2384
2261
2179
2558
2140
3118
635
4447
1813
173
4422
550
3924
3154
3018
1245
2504
2314
2936
2447
2359
4198
1766
1731
3850
4992
2063
4616
2995
3730
2884
4102
4080
2465
586
3963
1732
3078
611
3424
4061
1234
2676
4969
1122
286
2695
370
4480
140
2347
4359
3523
2569
1853
980
3538
1295
2246
2971
4016
2468
1440
3903
1434
1032
769
1066
1806
150
1397
2631
983
3762
353
3631
4506
4233
4072
2065
836
1421
710
957
2939
2580
3347
47
732
3125
2307
4540
3670
736
160
4019
1785
4870
4715
3296
3734
2664
4959
4026
4658
2037
1106
2351
4817
910
2842
331
4390
2484
2490
1069
4012
1183
298
3923
560
4470
3972
940
55
2765
4512
3576
3723
2850
4013
3509
4356
2373
310
392
1722
914
3760
287
1064
658
1353
1943
1501
4649
4767
2115
3887
755
4590
3244
291
488
2317
3919
1814
2713
1063
1752
3180
979
1317
4428
4703
952
3222
963
570
2310
2413
2780
3926
1335
4554
3679
3917
2729
2661
4119
943
4486
2398
1876
4834
4276
1911
4305
3580
2773
4873
2274
3133
27
4731
1008
931
4272
554
1000
385
2000
4381
3100
4008
3569
4328
761
2792
3321
1401
1173
4754
981
1222
3660
1550
1482
2764
1170
40
263
444
4887
4884
3610
4939
3126
1735
3420
3666
145
2014
1276
4883
3070
2361
3323
69
1600
844
4677
2755
2047
4017
1933
2978
3428
1257
3687
2635
2253
2564
1831
3110
3163
4221
4836
2394
118
2697
408
1729
2616
1139
3066
3201
2212
2583
1005
3519
32
2105
1487
4004
2489
443
4919
3721
274
2260
2293
1398
637
2516
4953
2502
578
3023
3822
4744
1358
2921
791
3814
4478
575
3736
3487
4515
2499
4850
1690
3616
4869
1025
3898
4707
282
3931
84
3298
3371
3797
2249
3087
3101
1511
3531
1165
1576
2203
4194
2426
770
3602
2258
1209
78
4267
1237
2459
3262
1349
4737
4330
3514
1671
4301
45
3272
251
4651
3357
1464
1500
3406
3629
168
2072
1994
3269
3699
3469
4298
988
4826
1989
232
4347
2332
4031
1978
4163
2478
1677
1179
4924
253
2627
2618
2599
4149
1351
2153
1001
3529
2813
3681
1616
1609
4295
3848
3992
419
2904
4598
1098
1090
633
3502
1161
4801
2066
924
1248
2670
3387
3226
4800
2859
1229
3150
645
87
3257
4604
1917
4798
4662
2857
1365
3248
3756
1221
532
213
540
4597
3394
3368
3588
1886
4162
3135
3014
1700
2847
4401
1318
3385
2756
2912
4632
401
4901
3183
3779
1797
4841
1432
3106
1848
4823
966
4065
3002
3395
4520
3218
2869
1311
4839
2248
1899
4545
3437
2870
1499
4650
2069
716
2744
3902
2967
2538
4465
1679
1890
1557
662
2501
2862
553
2727
4232
4307
2390
3606
2954
138
352
2593
2202
2303
3051
2218
2281
1643
3448
4429
507
262
2308
4533
3591
859
759
953
3294
4082
4239
2437
4334
3410
2290
1040
3982
3440
1850
1109
2622
2527
3436
1083
911
3036
3948
1265
1009
2908
2945
617
4316
1645
4318
4910
4889
1865
4364
2719
3821
4888
1046
2372
1928
915
1264
3217
4096
1777
3553
4633
4610
4284
3459
4601
1629
350
2856
2795
1694
484
3215
3322
4178
214
2875
4177
4934
799
2671
1062
4818
4686
1441
762
1932
3669
4609
2947
936
490
4448
3275
1979
2242
643
4584
1277
3966
629
4143
3585
597
2950
1049
1832
2009
4193
4169
2075
2087
4116
2621
3823
2895
1854
3288
4665
344
2471
2177
2784
2001
2395
4580
3306
682
364
750
2208
4369
3862
4638
2601
4498
3596
1285
1394
2762
225
4914
1753
261
2
2407
2623
1410
2406
3841
4366
4201
4697
1281
1614
41
3107
865
83
133
257
3986
3127
4885
2405
2319
3398
2454
1856
632
4716
2143
2178
3665
3627
4734
583
572
2836
289
3186
4496
341
4827
3365
2040
903
1623
3176
470
2247
745
4863
3818
156
4157
870
2142
4246
3407
3614
4377
3833
209
1768
1663
2781
4435
4923
3500
3847
442
4027
4621
3885
1076
4074
8
3482
1071
3786
2882
3050
1748
2725
4147
413
1315
469
3358
4205
2386
1659
2092
4067
666
4666
2917
3315
2642
4864
4783
1743
3705
1827
3426
3772
2078
2363
3209
4793
1178
4694
1115
1454
2460
1080
4999
304
4049
422
3648
2485
2893
3409
1640
4452
1948
149
4660
2052
3806
3551
1692
4358
4283
4191
4587
3377
3817
3746
3080
3153
3367
271
4063
2524
2811
549
2548
2900
1350
3140
4785
2815
2193
1595
494
425
3112
2278
723
4210
1522
1880
3574
171
2262
4752
4077
2722
4140
804
3205
2703
1900
3389
3636
1942
3497
127
360
447
712
2117
426
3290
1058
2028
3680
4502
3805
4440
2951
4010
1126
4057
2897
1909
4256
1860
176
2401
3451
4467
965
1756
217
109
601
4776
4768
1975
7
2123
4021
4706
2570
3130
3571
1176
4000
512
1344
4976
1367
4112
4386
420
2771
179
3478
4516
748
288
2696
1993
1218
4538
739
3278
2591
1730
3663
238
1045
3965
2266
4379
377
3829
1782
4625
4852
4769
853
4725
4081
4431
3022
379
1110
1457
2636
3077
1801
945
3745
4054
3753
1796
2205
1057
2702
90
4219
1092
2135
258
4920
2369
4980
2804
1172
4252
1739
2743
4911
1939
3336
4391
2062
2068
1862
2549
357
1508
1192
2131
2853
3079
884
1113
725
1366
1622
1068
2222
2264
157
3027
576
1693
2605
1123
2650
4985
4294
2044
2560
3093
3900
2987
1261
131
474
4038
1552
4872
2251
3194
4659
4243
788
1054
3528
4809
128
330
810
2297
4751
4225
2977
165
3532
1988
4564
3726
3773
312
4023
4722
207
3236
3845
4921
552
1947
4865
4997
4951
309
1893
2832
2901
1177
4254
4738
2573
2935
285
244
1341
3057
4342
1809
1149
2588
708
4531
4354
3655
4449
255
302
2787
4123
674
896
670
2797
3890
2972
250
1572
4132
1052
4578
641
77
97
2940
4148
3967
503
1864
192
4417
4614
1795
1615
792
2956
3020
313
1590
4277
2070
3940
1918
3757
3803
1842
4348
4691
2691
23
1599
1328
4926
1117
4537
1044
4594
3959
1825
3414
3715
308
3700
2240
4199
2279
215
166
2328
2032
2604
4124
2734
3702
1695
917
3718
3270
1439
3271
4433
1204
1212
1108
4795
1889
3491
1480
2955
3403
588
506
2724
1834
2933
4857
4018
3208
2707
2004
1912
3108
29
2081
1519
1760
3422
3921
827
2598
4046
1537
2050
1770
4355
1633
2991
3897
1727
1698
1206
120
1828
3359
4894
337
2704
281
3542
4928
918
1776
3184
768
2782
3250
3444
649
2831
753
2288
1153
1453
4991
481
4723
4623
3708
2577
4967
2312
28
1127
4242
3037
3404
2200
3720
886
4519
2767
1852
2443
414
1675
3235
4118
3637
4461
1662
2674
3951
431
4206
1767
1621
982
3998
3761
2529
636
3399
4566
1812
1619
3869
421
4875
3735
2753
19
3724
4613
4476
2298
1278
4880
3149
2162
4806
4207
3435
4441
3416
4482
959
4890
927
2881
2186
1789
3632
1479
2994
2315
4060
1210
3256
1738
4075
4628
1819
3894
4244
1601
992
1400
4192
4325
384
3172
1567
2102
3654
3345
4109
3383
1187
3635
4608
1755
500
277
2865
3146
2990
3589
3128
1666
411
3019
4730
1371
2891
4108
1395
1631
4353
395
290
4020
3866
2681
3943
2731
4043
2894
2330
3743
1232
2820
519
2012
1999
2963
4227
3419
4368
137
4916
3004
2185
1307
3971
974
3938
2018
1284
780
3086
4044
3750
1386
3438
2589
4558
3878
675
2985
4155
1581
1258
4879
3568
2444
260
1515
854
3997
430
2287
4032
1415
439
4648
741
9
2717
1736
581
849
1709
4025
3583
3364
3203
161
3941
3143
1146
4473
1254
648
3317
4477
4127
779
2124
608
2540
4589
1175
797
4136
3115
4683
4312
122
4159
182
361
3703
813
4
4895
2060
123
2838
3644
1094
3138
1858
455
2543
2958
2539
4646
2119
3731
1528
4408
208
4802
1449
4427
3305
1617
3453
4957
3096
4373
3346
1512
4925
1792
3058
786
4861
4775
94
1030
1331
2235
502
68
590
2726
3763
1763
2837
3695
2819
3104
704
4756
2300
409
4588
3704
4495
67
2829
2188
76
2374
2002
688
1983
3835
3758
652
820
2818
891
2207
2505
3185
3623
3860
50
2946
3628
2451
4398
3338
2800
4634
4900
2353
1078
4574
2128
3316
3391
1151
4173
831
2006
1070
3701
2439
1144
3162
2975
1408
832
4978
1100
4794
2269
4387
1347
4815
2639
2318
4181
4786
1670
2172
2716
3920
321
3733
38
2652
1148
1296
842
1240
2163
4142
1497
3752
2752
2686
1687
3499
2705
1798
1402
2824
2027
4667
2739
66
3238
1772
1143
4996
183
1652
1291
881
3851
269
4789
3766
3944
2144
513
4268
3043
4673
1263
2219
2574
1326
226
719
4098
4790
2061
1544
869
4603
819
4154
2511
828
4544
574
4068
3558
440
3979
1086
3075
399
4947
4899
1436
4261
4676
3977
2953
212
3361
3717
2436
2607
3677
3148
685
1271
3673
358
2610
3639
142
1195
483
3292
3929
4344
585
1060
1011
4475
4647
1392
1608
1166
3234
4792
2628
2880
777
3812
1128
3740
2685
2638
383
2011
4962
1681
1562
634
1811
52
4679
4518
4196
4571
1470
4015
3744
4402
3572
4878
1038
671
3465
970
1368
1413
2211
2397
2411
520
885
2461
1726
987
2845
4259
4184
2220
3586
4585
3326
1105
2609
491
4670
1096
4290
471
2134
54
2938
2420
2586
1411
4517
3547
1297
2868
2283
3425
1442
1788
1226
1746
4195