93
290
20
81
367
425
326
138
241
371
443
403
240
487
396
343
124
339
42
109
483
148
231
25
305
63
246
265
236
19
82
36
244
133
281
224
172
476
198
274
413
108
363
55
54
415
250
278
464
496
212
135
364
94
484
303
129
37
280
298
433
273
315
327
388
268
140
441
372
499
207
324
360
437
457
313
284
165
144
239
481
216
358
88
2
22
237
142
8
460
96
95
478
334
125
102
111
18
223
275
497
177
401
418
206
173
51
251
217
348
467
64
196
195
492
416
203
164
130
56
448
392
461
38
143
76
200
450
333
169
330
157
168
252
27
369
45
345
463
402
477
255
469
78
297
155
174
181
453
15
197
211
288
381
335
126
398
365
258
134
243
498
53
283
121
66
225
116
329
3
338
375
432
270
470
390
230
485
347
28
31
420
302
176
146
100
311
254
291
479
271
72
73
442
419
245
289
406
233
149
191
86
319
14
436
361
193
136
131
454
300
408
445
451
112
43
354
269
114
208
205
180
412
115
162
489
187
118
6
336
456
287
299
264
253
350
276
447
7
166
286
113
89
404
321
440
202
147
80
65
429
352
462
39
154
229
117
194
61
145
48
482
370
26
184
473
171
34
293
159
139
1
259
151
32
465
262
170
199
304
397
24
29
185
210
279
378
153
430
472
405
182
344
204
141
85
357
306
62
209
11
341
219
106
46
407
12
119
439
410
158
75
41
23
261
428
468
368
394
189
449
263
385
318
248
33
310
9
160
84
242
77
356
238
459
163
59
400
214
349
488
417
294
13
186
234
308
50
266
175
247
431
74
213
355
167
21
232
123
10
235
44
220
47
342
79
424
307
104
156
52
366
387
421
16
399
455
91
411
452
107
491
98
228
282
382
328
152
201
68
438
249
393
322
71
257
295
256
466
446
150
101
500
423
376
353
337
386
40
301
5
475
87
383
132
346
30
389
296
427
221
480
99
188
105
122
97
49
69
325
320
426
331
215
128
493
434
17
373
490
218
120
277
292
222
285
379
317
444
267
57
127
58
137
312
90
395
260
391
103
340
314
178
316
67
179
190
70
323
83
422
458
384
192
92
435
226
377
486
362
332
409
272
351
374
60
161
309
183
474
4
35
494
471
414
110
227
495
359
380