49
88
293
459
136
212
637
692
935
55
345
588
855
815
619
632
123
324
882
955
881
301
113
506
505
555
798
421
725
988
229
202
407
445
22
956
553
259
336
788
40
975
340
580
277
833
292
890
425
528
409
416
231
670
152
994
172
296
53
15
266
866
327
647
122
69
638
896
448
312
339
129
492
51
732
533
694
572
682
860
631
911
240
96
531
711
781
753
84
463
450
28
218
73
850
100
433
23
749
558
907
774
103
677
438
199
825
819
80
367
604
728
538
417
392
540
169
964
763
590
469
766
497
789
452
722
908
641
658
836
519
473
715
27
750
72
678
14
671
408
564
160
614
507
980
147
510
719
65
597
659
737
916
477
563
718
550
740
245
475
656
517
674
32
577
121
963
883
500
961
134
130
778
726
59
756
268
410
942
210
982
643
432
242
243
460
741
716
870
708
34
877
534
593
867
449
441
95
468
378
697
549
846
661
884
166
369
361
803
731
81
382
370
568
476
932
606
333
628
105
198
669
185
773
730
233
953
672
767
206
338
193
281
349
752
78
595
9
617
655
984
278
139
258
343
246
791
114
383
494
541
239
900
395
841
808
159
985
303
399
954
705
126
405
191
657
747
464
107
33
116
230
8
211
950
364
640
344
601
967
987
315
45
735
213
869
909
329
300
447
132
594
598
889
768
289
830
759
804
164
928
939
24
707
471
724
110
968
79
360
521
800
128
899
90
486
513
264
971
599
442
991
390
480
247
937
681
509
775
787
322
745
548
375
396
746
39
161
977
12
547
621
948
704
498
483
542
335
275
253
897
310
630
543
743
488
288
334
812
67
863
256
458
713
318
251
616
158
912
397
75
843
495
608
751
892
487
618
799
596
981
74
106
709
401
790
878
567
649
149
700
861
414
814
443
351
771
216
938
591
307
77
653
479
348
748
947
576
865
739
832
17
539
965
515
424
526
624
341
270
683
36
225
926
481
215
402
195
236
109
385
684
297
654
271
679
440
664
353
454
89
241
466
428
455
284
350
886
794
64
686
178
615
680
194
536
502
285
3
42
587
98
131
197
835
894
769
208
249
895
222
761
762
698
304
437
611
605
978
918
54
742
162
585
785
461
228
848
181
37
143
418
427
10
451
394
76
97
840
651
690
366
174
868
280
524
919
439
119
693
824
11
512
431
546
561
263
936
163
99
891
314
182
702
337
667
857
898
203
260
566
827
501
613
391
298
220
295
309
186
16
156
663
44
276
347
411
575
874
993
522
262
61
146
489
537
829
570
137
423
363
238
782
472
294
320
571
885
879
311
145
372
764
308
430
721
579
70
736
223
46
287
904
673
252
925
582
254
436
135
903
157
379
21
807
496
355
485
934
946
979
816
933
165
821
234
770
720
914
175
91
140
666
639
734
852
847
272
474
404
48
523
255
820
792
806
374
525
419
290
627
406
626
332
634
685
849
30
532
412
499
313
699
188
209
386
924
153
102
660
170
377
518
809
635
1000
104
776
52
872
144
493
302
368
931
4
362
321
516
927
529
465
986
265
998
413
901
257
217
569
192
429
974
859
31
793
960
915
274
267
484
691
358
393
388
491
837
917
873
1
893
940
581
86
201
196
204
381
62
650
962
854
545
733
142
902
687
346
620
554
871
120
171
712
66
373
612
842
876
633
435
913
779
422
365
82
101
47
990
622
490
520
138
323
831
511
177
578
457
665
959
173
838
922
797
929
504
813
784
283
420
976
224
331
248
905
818
352
844
92
176
342
696
426
864
7
111
530
565
941
184
723
200
117
319
969
966
6
503
235
330
354
13
43
219
668
444
706
557
758
710
738
19
167
600
921
415
282
20
357
923
291
801
676
446
958
607
68
514
434
221
952
642
996
306
796
316
124
888
714
623
645
226
456
482
828
689
18
625
180
118
592
305
205
41
943
972
187
992
60
744
380
50
189
997
168
527
755
179
834
783
780
989
636
56
244
389
973
717
108
453
326
38
63
810
71
688
652
556
148
328
822
786
214
403
559
944
695
115
359
29
552
154
648
662
999
603
875
920
610
772
583
400
675
376
858
190
701
141
467
551
227
384
573
58
957
995
862
795
232
589
644
629
930
35
462
508
261
133
765
207
356
574
823
970
887
125
562
802
839
470
880
279
286
560
945
754
269
609
811
26
805
2
586
703
5
127
760
602
727
93
94
845
85
183
25
729
817
983
237
387
57
398
87
826
949
535
777
325
906
757
856
851
910
250
584
646
273
112
155
317
151
544
299
83
478
371
853
150
951