1424
460
221
2188
7404
5683
6579
6861
2981
4061
3206
2457
3784
4844
3768
7150
161
2640
5988
426
2253
5221
6569
5086
5710
6936
5838
89
6777
5487
1398
2576
1158
487
3159
4354
6644
304
1072
1785
6252
7467
3316
4550
4059
937
5037
1893
3347
1437
6867
5069
4770
6490
6539
4382
1868
4141
6435
863
4953
3857
6640
4952
3429
2390
325
2899
6575
6319
5508
5106
6446
4542
1942
4417
564
7458
730
6661
4214
1551
3138
7221
3472
6619
3919
7216
3135
1512
1669
56
2040
5460
7120
6232
5124
7070
2840
6428
180
1285
2269
450
7040
6414
3861
3885
3090
1555
3243
1399
6270
2123
2980
5159
7052
4855
1025
6636
684
5873
5079
2256
633
5457
356
2199
2774
5090
6907
5550
6117
3544
1096
6306
2117
1849
528
7456
3931
7343
6080
2389
3734
1367
7124
6849
5560
1035
71
7238
5745
4795
392
4831
2081
4192
4889
219
3448
6329
6739
2935
1828
2013
3599
2432
2164
2103
139
7086
5472
5217
4384
2641
6141
4143
5005
3379
1344
5356
6759
1913
2195
2159
4325
2701
4346
5504
2453
3004
5249
3360
1862
2382
3338
7318
945
3230
4495
6044
6716
5763
7223
3083
3073
6918
2653
7412
67
1146
7158
1332
1250
4269
2985
1085
4503
4165
4484
6218
4547
636
4358
534
5102
6856
4825
3309
1287
4715
2271
3895
1835
6847
4147
2646
7317
1732
7023
2769
6639
6398
6976
1357
2548
607
239
363
4841
5776
674
6572
4927
2650
4689
3391
1114
6781
5881
1077
2239
233
5052
118
477
4654
4620
5175
3223
5955
3267
6655
7272
1350
2601
4804
3947
2757
3788
4041
4915
1029
6186
1500
2936
5239
4216
2533
230
5923
6127
4821
3337
3377
7263
6420
7446
148
4265
5984
4234
7312
6496
267
337
3911
5529
3700
6554
536
6464
7026
319
2410
124
2440
6564
1275
5979
734
4673
5551
4832
5427
5215
2969
6788
2702
1954
7051
4758
6930
3657
6342
3315
4320
1807
3760
4916
4440
5301
812
5292
4828
4340
6615
4387
2241
1505
5879
6744
4233
4438
970
3227
7492
7173
6429
5329
283
4600
3811
1900
1648
4479
5966
4259
5914
4561
909
1625
1596
1435
7411
3257
4295
5155
1179
3716
6441
2035
2391
10
2191
3495
2147
2682
1299
3139
2826
193
2054
4190
5544
5995
4213
381
1672
4995
1254
2423
4149
7053
279
1374
406
3534
963
5637
4849
7394
3193
4439
689
3545
6293
1659
4797
391
271
2145
1013
358
709
225
2437
5524
4955
2316
5491
3031
5064
4333
1726
4391
3222
6373
1371
4968
816
785
5092
1681
1315
2755
5212
2202
2041
1758
3426
4217
6832
1936
7275
1587
2816
931
6605
4577
5233
3476
5552
6493
5183
1211
6577
286
24
1709
5148
2259
6241
3506
6068
5547
7241
2344
7107
1983
308
4899
3158
81
2517
1473
5265
5126
7046
2009
223
6729
3977
1774
3387
4203
2345
3382
7111
2629
5195
2571
2470
5652
5309
1364
6089
6521
3017
4872
7064
906
2566
3208
5981
3059
146
5392
982
3671
5686
3889
3840
1058
1416
5948
3980
4053
2108
6748
6022
3888
6276
4989
5673
1912
2445
5359
6604
1376
1863
1864
211
5120
4459
540
7357
5020
1010
3780
4118
6900
1411
367
7083
3099
6341
6286
3368
2377
6997
1928
2106
5807
1474
6432
4531
5829
956
5435
5903
2295
4943
987
1984
1622
478
417
1953
196
5367
152
6382
4509
2003
6904
3868
618
6451
3867
351
1638
2531
5393
4202
1330
2647
3757
686
2115
5493
2002
5130
1502
4988
3846
947
2325
6801
2951
6852
2835
350
6216
3651
3162
378
86
705
2814
6583
4803
3422
5041
1137
4526
2933
640
2287
5387
7403
2099
4856
4813
5580
3777
6294
3043
6239
3975
37
6092
6851
4162
2118
4435
6790
2492
4514
1744
5232
5865
5015
2255
5325
4044
2907
7297
992
2381
7037
4137
600
1934
6348
680
3142
4225
2023
2020
3815
5762
1691
3756
6015
44
1879
3451
2829
5366
3653
2902
2182
5767
20
898
3725
272
5713
6825
4555
2589
4436
4685
5631
6922
3048
5144
2582
1337
5668
5845
4231
5526
5176
5417
2250
621
5103
1362
3943
2729
3195
7495
1442
6094
2850
4445
1017
1550
155
5048
1002
6535
3914
2673
6355
6592
2212
780
1543
2832
1810
2317
2455
1685
114
3762
1253
6602
3869
4119
851
6935
6738
1588
2480
5294
4331
2823
3523
6570
5976
374
3763
3487
648
7465
1574
5063
4090
5021
4730
7481
2656
1562
5924
5708
5691
1891
3020
4262
3477
1204
5902
1209
373
3661
4851
7121
2565
4779
5115
5271
2082
2535
6347
4636
2208
4176
6459
2152
6866
558
472
3819
6152
80
3621
6115
727
754
375
162
1636
444
835
4238
4319
2491
2052
1441
4101
6009
1294
150
7168
3180
7244
5170
2893
1926
5240
6613
1005
3704
5887
3979
2854
6135
4500
1109
967
6396
2897
5729
4726
4746
7304
4713
5204
5993
3174
6324
4405
4261
4255
2356
4805
1791
6079
6289
3732
2321
888
2597
4313
3152
5403
1773
3525
841
2211
5779
6082
905
6961
4816
6830
3510
6397
3280
7428
899
3392
396
7112
1997
3687
5164
3403
7201
6045
6721
2918
5068
735
5346
5672
5917
2946
5797
7417
12
5262
4708
2346
4977
7364
4548
5972
2556
5140
1342
490
4898
3436
3081
2150
7061
5024
7306
3620
2065
6520
129
2747
5731
6442
1750
4796
549
3427
4370
2563
4552
6883
1881
6971
3633
6878
3529
6460
4617
6142
3359
1260
2228
823
6676
2987
2763
4157
7322
797
3216
3140
21
3461
1391
5110
5098
112
593
5649
4327
5340
5413
1382
58
4247
5043
1748
6400
3464
3344
3493
2252
7156
2803
5572
8
6650
1258
933
138
1510
5107
7128
2311
4351
6133
3431
4088
6811
4516
3318
6725
6024
4933
2070
5430
6869
2630
3552
3443
3640
6953
4134
6994
4114
4374
5696
2261
4589
7013
5517
2659
5231
5046
1458
1110
4381
1886
7200
1237
1150
3412
3228
5577
718
6322
5754
4980
1104
2400
1324
6000
4826
384
3826
5742
1548
4946
1561
4080
527
6858
1848
7307
1975
3714
7370
4009
1487
806
6199
1111
1754
1061
3910
2021
1346
2435
2044
4720
2620
3791
2224
2549
6263
3462
5433
6255
5141
4066
2710
464
7283
46
3754
1248
6899
3074
5013
6226
4613
380
1889
6933
2072
2018
6951
2928
6253
6979
3185
6110
3787
2756
3772
2000
5543
6474
2652
6815
3133
1697
1088
1020
4125
4890
6421
3304
5506
2310
6430
4625
6824
497
622
6408
6758
3176
1148
6215
5523
5999
2625
3041
2471
1284
3964
3880
1074
6260
4298
3153
3056
4976
588
3981
5407
6783
1307
3513
6379
3007
7440
4508
3907
5965
7350
3729
2634
1777
1336
6800
2539
5000
5008
6205
5224
1165
16
3213
6671
5685
6789
467
4686
6323
3234
1251
4304
907
236
3557
4404
2554
583
2695
6364
1003
5087
5945
4077
4315
7474
2750
5222
1880
6108
474
4180
4662
5028
1595
3053
5768
2136
6061
1041
1524
4140
479
6975
4106
5399
5409
3238
352
7136
2594
3553
4029
4621
3966
6937
3456
5333
7473
958
1761
6145
556
2778
2714
5688
5150
407
5644
4791
6231
5701
435
6321
4410
7174
5975
3806
2709
73
4894
5199
627
3136
2334
2114
4057
2268
6726
5716
200
6540
1943
7336
733
700
184
670
5279
642
5003
3032
1718
6709
808
2338
2639
7348
6990
4390
3824
3805
2923
6393
7292
1711
6553
5173
4060
6995
3015
529
4208
2994
1011
1314
3052
4645
6071
6742
3021
3776
1757
678
1345
4835
2102
4084
5681
4965
95
1814
4334
2180
3837
289
5362
6626
1824
5291
916
4799
1048
473
2197
7085
845
531
2366
6538
4789
3348
2319
1568
5119
160
5288
1985
594
6005
1372
5368
5275
5953
4897
6313
2484
3119
5518
6327
5714
7461
394
2439
5257
3761
1631
5342
3064
7488
889
3044
3735
6032
5650
7210
4729
4419
7025
453
6170
496
341
879
1520
137
4345
5172
2884
6008
7316
1986
4506
6762
5877
2665
1790
1018
4666
2858
1653
932
5620
4197
4241
5636
6074
7353
3827
762
7388
6332
5871
3256
539
2624
1925
6447
485
6456
2704
2434
4558
2177
353
3494
168
5226
6787
2511
6377
5630
2402
1652
4884
6248
5743
5446
4401
7308
5370
6822
7044
5426
6817
2569
2540
4612
3186
6013
915
1904
5558
5441
5990
3086
2170
807
2283
3060
1674
589
6295
4655
1616
4196
5771
5590
242
1459
5133
959
2340
5088
2091
4010
6198
6981
522
1042
7179
7236
2042
615
4574
3813
2359
307
5615
4344
5060
438
3018
5983
2859
569
229
2279
4682
5236
5099
771
5453
4962
5744
425
2837
5400
5720
6756
4343
5719
2163
698
6399
5312
3881
4505
3855
2819
875
568
3250
2354
2372
4615
3512
5065
7434
6814
603
4810
5896
5810
7232
1731
5321
2920
1117
4754
1310
5514
1277
6172
3089
6927
5559
3531
6958
2667
586
6959
119
7409
4984
2651
2616
6372
1825
501
2461
6559
1156
2464
901
3662
4460
3567
1082
1585
2270
5166
4728
4880
6283
3807
7003
2275
2362
876
6310
4329
2851
57
5858
1247
5940
4120
3313
4409
601
3965
3002
1532
5669
6202
5583
4357
5536
1547
1788
4111
7341
5390
3370
6802
3409
6204
2168
5739
440
7220
7447
917
344
61
6717
313
5843
6354
2596
6380
3199
3617
6633
5645
5969
5349
6039
5545
2303
604
7310
7081
4172
6574
5533
7496
3759
3634
675
5308
6087
6237
5618
645
520
977
1533
317
3618
7172
656
4022
4156
1647
3783
5912
3182
7460
2636
4836
1836
2
2964
4489
1388
2635
3406
5423
6192
5422
590
1792
3091
4307
1475
5479
3656
5198
5482
7374
6718
411
2520
7186
4400
5244
5913
369
6395
471
4266
7100
1436
3863
6123
1854
3497
6663
4130
7314
5689
5892
688
4359
1122
3595
18
1753
2349
2853
4741
4222
5772
5283
3917
3690
7056
2537
5335
5425
5643
6169
2051
4674
4549
5704
7298
926
6449
1599
4691
3173
4581
5432
6037
6886
6873
4474
4330
5621
9
1240
2403
3232
1443
3556
2488
3866
2919
4576
1937
857
6440
4492
4017
4177
3346
5867
1282
3463
1135
1318
1619
6978
4618
6638
7439
1480
2465
3522
4570
3532
775
327
5398
82
1628
1751
4005
5414
6590
874
5122
3706
6542
6091
1055
1199
5379
7352
3932
5089
4794
3380
2243
190
4058
4949
1699
5634
2074
6486
1987
2050
6546
6984
1290
7295
3699
6903
752
2257
6367
4336
929
6482
3080
6754
5225
585
1901
6267
7060
3758
1426
6006
4601
4745
7328
657
1503
4606
3333
948
3305
1909
1523
6735
4038
1781
5598
101
541
3067
2748
6677
5824
3619
2638
3340
2721
6335
4163
5967
1200
98
6741
2713
934
125
1001
1504
1225
6280
6998
3251
3745
2668
5541
5002
1976
1078
6836
1306
6339
1688
324
2126
2827
1713
690
2751
4742
997
3909
3648
6345
3697
2049
6227
2855
4765
2318
5847
3890
1221
2967
5273
420
4643
3146
1608
7472
1988
2414
5663
4659
1397
2642
2286
3411
3383
4341
5216
4814
5045
4598
1581
599
1876
6444
427
408
5573
6624
1664
1271
3858
7054
2215
6711
6897
5355
3115
7469
685
2386
1604
1956
498
4414
7444
1412
5570
5814
6632
5145
2068
925
6555
4042
7225
4437
3038
3114
5448
3611
2770
6058
6264
1765
191
6245
5915
2429
6923
4478
919
3325
7393
7499
376
4276
4228
6618
113
1496
3589
6326
5297
1317
1300
6455
1176
619
1656
470
1668
4834
6046
4011
1394
1184
3214
5471
691
6532
3395
4911
7198
187
47
5964
950
3598
995
277
1489
4074
1917
7119
1368
2282
7423
3882
6282
7043
7133
3029
5286
3118
791
3854
885
747
1516
5382
6153
3078
6471
2384
2607
6516
2848
912
6515
3096
5420
2864
1149
2957
3187
2779
7008
944
4132
2564
5783
4755
4651
5748
5280
5833
1246
131
217
6375
6617
810
6336
5138
6277
6278
2655
5870
5406
2373
1728
7413
2901
1615
4221
2725
5463
6550
5695
1102
3108
6529
2740
2926
4937
1026
4280
1167
5777
1796
7387
6809
2555
5147
2830
6035
2001
7169
2768
4030
3976
32
4592
1722
6940
706
3926
2963
4845
7335
3541
6067
613
5821
4013
2522
4957
5431
1707
637
864
3343
1980
7114
2905
2895
3944
3713
6881
2931
2299
2473
2758
2234
7282
2019
1775
5601
1833
3077
665
910
1009
4681
1329
6794
7183
5375
3113
695
6563
3727
4535
2618
3623
1444
964
3666
30
235
2454
4913
2509
3710
1027
3202
35
249
1265
3803
7167
1808
3875
3988
4521
7178
297
7005
1680
4081
1511
2998
4078
1837
6350
7299
6548
1224
5880
4928
3842
3260
5276
994
3878
2285
3485
6919
4593
2010
7047
974
5153
1675
1320
2064
6649
6489
1006
6667
7278
5434
5861
5617
6969
5352
2396
4012
6913
6660
826
4443
4839
3724
5856
3832
1108
4159
448
5202
6466
7416
2203
1321
3628
390
671
250
5944
3058
3384
3259
5051
270
181
2438
5622
7431
2006
5364
1981
4284
1461
1576
4326
5595
3631
3852
5336
1582
4809
135
7267
1698
6301
942
3087
2027
7288
2364
1565
1241
7016
5313
320
4050
1637
3198
6011
315
1060
3255
1269
6272
7454
3554
4205
4161
2425
4070
1822
5987
2820
1130
5408
5632
2481
2358
7290
5732
6578
2192
5031
3609
1553
2193
2781
939
2671
3743
1494
597
1414
5483
6101
2986
4518
5101
2595
3271
7106
846
3879
1739
2510
2523
1549
6702
533
6693
1064
6864
201
5614
4482
3022
510
5812
2699
5963
2260
3696
2543
2956
6281
4150
4256
5930
3719
6196
5682
5462
716
7309
2499
1052
725
6176
3848
1607
3951
3645
265
4554
3442
1670
1623
2128
1173
3913
2071
5227
296
6547
1734
704
1804
6488
2474
251
7438
387
3615
5235
3433
2698
1590
7426
2532
6157
2822
294
4585
6409
7265
6669
5938
1684
1057
4519
4099
7245
1841
1033
4780
6926
7021
4986
6062
4736
5820
1296
1736
1967
4254
702
3540
5758
3385
2385
4784
7375
5186
4062
3660
3676
3293
3070
4769
4126
1815
2226
5209
1143
6808
7110
4227
3483
2487
6179
975
2205
3399
721
1716
3454
571
2977
2200
207
1811
2315
3521
663
4929
4138
7355
197
1661
4148
7253
3983
6896
833
5320
542
6584
1559
1485
4186
1603
4275
2449
2417
1015
2512
1361
884
2216
2451
5165
7228
6910
6791
2613
1813
953
7476
314
5383
6747
2096
6300
3421
4115
1220
2727
4766
606
7011
774
6766
6242
4054
579
6450
5116
330
462
178
172
2392
4699
1207
7215
7383
6891
3582
7127
88
4082
5844
2120
3001
4787
4097
1083
4690
2943
4534
3678
322
4702
1392
643
458
3160
2294
3505
5469
793
5118
6064
6656
1528
262
5854
3011
5410
4471
3278
3012
2736
928
6796
2142
2469
5520
25
5802
3953
4184
5700
1620
1979
3417
5766
742
1425
4166
2078
3669
1762
331
2341
6993
3085
159
1107
4129
7010
6413
2771
6047
6841
2028
4194
1177
6804
4850
6251
2413
5525
3351
5608
7146
740
5287
1940
482
284
4948
1770
5306
4076
136
506
4896
743
6236
5726
5727
921
4430
976
2463
3455
1413
5834
1105
164
1395
484
2134
904
3459
7391
7108
2133
5213
3684
177
7190
3203
7321
6389
5931
1818
3677
6121
4049
2644
5509
6052
4936
831
1189
4512
1325
6436
7213
936
813
463
430
5436
3367
7478
2343
209
6733
4006
4270
333
4833
5006
6104
2573
1778
3450
3469
403
7103
354
1929
5876
4413
7072
4423
5177
3332
911
3799
3036
4667
4146
6147
5553
1192
6967
1842
5703
7329
3644
489
4245
3236
4800
5242
4511
3289
7171
4020
2551
1907
773
6884
2908
2490
4098
4056
6755
2759
6765
5304
5498
3949
4037
4068
2516
6531
2233
1727
5438
883
6418
3683
6371
3559
6701
7487
252
5059
5282
476
1708
2333
5348
4117
1760
3769
6834
301
3092
4874
832
5908
5816
1924
3473
6190
17
1800
6665
4631
1276
4857
447
3339
2862
2383
499
2870
6268
5290
4035
4756
4967
5038
3798
7330
7395
2783
5571
3838
5029
2222
4812
347
5272
4870
4287
2672
1883
5640
5256
5857
777
1946
5187
1829
4817
2401
3986
7006
237
3664
7324
1989
5884
3721
2793
5395
2291
38
7363
2038
1704
2611
2617
3177
3306
7490
3971
699
5755
4112
4964
3369
4634
6259
2111
1538
5759
1255
508
3361
3237
6956
2444
5094
5667
5476
5496
710
2011
4959
2352
2397
4452
366
7349
1629
5589
6929
2679
1923
3972
7099
1308
4206
7425
6365
4999
6562
2485
7166
5182
2131
2139
5941
5641
7479
2871
2575
3374
365
3400
6670
7385
1519
2787
1539
1982
1972
7229
6149
7149
6751
962
206
2580
2376
1326
819
2570
2360
255
1855
3478
3782
3183
4426
1206
5633
2272
2090
461
624
3468
2670
5269
2626
3990
2209
5725
42
4827
5693
4958
3319
4248
4338
5811
2925
5136
3120
6279
1756
779
2581
4036
6668
5455
6740
2784
4457
1152
3851
2877
5676
6991
3303
2468
755
3962
3130
804
287
4204
4660
1448
4811
3817
3057
4605
4905
1385
3929
3358
1134
4649
566
1065
456
263
7065
5528
6269
4781
3134
1163
5775
127
386
764
1203
1782
4974
802
4040
3649
2685
7402
6819
4748
4907
4705
6017
1721
5174
6908
1908
6875
4394
4633
3061
4363
1746
5468
4773
1885
4539
1537
2165
6100
5343
2422
6230
6468
3591
1469
2762
3404
1349
1323
5307
1601
4785
2198
6352
5626
7126
3169
6568
3836
4290
2046
2266
751
3638
4975
4253
6543
1245
1799
7344
7239
1420
6795
5939
4449
253
7433
122
1609
3592
3178
7339
554
5128
766
1447
4386
6401
7437
6381
4762
3212
6680
4272
6328
2347
6088
736
7049
2179
5386
2562
3701
7281
7147
4421
3190
3003
3771
2623
1996
6595
7074
2525
1068
5531
1690
6916
3935
6026
3500
7097
1951
4602
6233
3226
3594
1542
5394
2633
3602
3416
5001
1857
2885
6608
6536
3509
264
3587
189
3924
1783
703
2495
6724
7004
4021
2230
7071
7208
5535
5555
6920
3378
3398
4073
4538
5157
553
1852
2813
4095
3109
3952
4767
6642
3936
1802
1171
573
761
6223
5026
2246
1723
3345
2886
3948
4483
3488
7038
507
185
6992
7192
4464
4891
6385
2104
4871
1208
2472
4002
1490
5872
6882
4970
6155
5928
1136
6752
6359
7491
3314
4670
468
2167
2077
3030
5418
7069
3779
2399
6143
5326
4297
5730
7397
1112
3614
5670
7368
4501
3517
3808
2930
6495
4885
575
6982
6829
7354
6628
1185
5549
3482
96
6823
1433
2277
5022
1075
4139
6212
6508
6004
581
1229
6761
3668
559
1506
1175
275
563
6007
2680
7007
6076
6844
6201
3204
3034
1032
6426
6820
3010
5211
3603
3585
3956
2004
6376
5196
2692
2852
2220
4212
6027
4224
5499
7342
6813
7098
3804
6600
3849
4047
2708
1806
4513
1094
5837
1618
1470
3026
2456
4733
1464
4822
7280
1051
5461
5380
3066
7362
5093
6090
4675
6016
342
3968
5428
3122
4727
1191
924
2689
4257
3341
3112
6504
2066
3224
4966
4219
2057
5439
1044
224
1749
7254
2976
2904
4877
2016
6112
7015
7448
3709
3281
5178
6059
3132
5404
4954
4563
3095
4223
1793
1431
1363
6334
3480
4908
465
4173
3352
3446
90
1202
5299
1878
1154
5323
646
5774
7252
3147
1644
4507
4853
5111
6710
232
6096
2654
421
3829
744
51
7441
3350
5611
2718
1460
951
6810
4310
3891
6
830
661
3586
5613
2614
7202
708
5162
6433
4008
1162
64
402
2810
5077
1737
6065
6411
3558
2764
4923
1560
2236
1256
6816
2723
2213
5277
6217
5142
4429
5702
2917
1079
3334
140
6530
3708
4392
1947
6162
2296
174
7389
6510
2190
2380
4087
894
3390
6462
667
3150
7379
6311
5910
305
6290
3326
4895
5190
693
3357
796
2293
7130
83
623
2583
2628
2938
4268
4286
2229
1101
5388
163
5740
5576
15
4465
7019
2312
4969
3775
3028
5591
4356
6934
565
3419
1159
3045
2592
4373
952
3292
261
1816
1169
3915
3491
7268
6018
3201
4640
4302
5610
892
3578
1292
5530
6648
7274
3904
5841
410
2196
2805
4994
5419
4879
1776
5062
6966
4545
5429
3560
5842
3797
3667
2442
737
6235
3434
1801
897
3207
1598
5699
6262
908
1759
4646
7033
6033
4668
3647
1014
4903
1234
6075
662
2297
2298
364
7462
1651
4590
526
6475
6631
4661
647
628
3019
5886
616
2584
1348
2521
5108
4772
7027
1911
4753
3957
4752
2896
7366
6238
1784
7029
2026
5947
1930
3051
6905
6132
2657
1471
2214
6139
2039
6457
5396
7261
2572
2676
5905
3918
3097
1546
2817
610
3279
2217
5330
6057
532
561
5817
7177
93
3564
4823
4938
3985
817
6256
1243
5539
6999
158
4364
5055
1517
2833
2127
3751
6943
1312
245
6292
5546
6258
859
4183
1481
4323
5163
4584
1779
3063
7435
4529
2608
7237
639
3692
7257
7498
41
2419
4991
4603
6243
2772
1763
891
7445
2329
3853
6137
6106
878
1038
784
278
6056
5034
6986
3747
5223
7235
5786
5360
3695
6317
1046
6193
6356
1594
3991
2912
4688
6974
2799
6394
6366
530
5397
1286
7319
5985
723
6168
1313
679
14
6480
612
6775
7115
1456
4475
6402
4587
6297
3457
4852
2730
5581
218
7475
1262
312
852
5839
5982
7371
2267
986
4893
3823
1521
6360
4131
2067
5337
7078
3821
2880
7094
5883
6771
1962
451
1766
5154
5376
602
4573
2155
4187
22
2558
5830
7197
4207
4731
5808
6159
4744
7142
5214
5381
3526
338
5926
106
2664
2800
3474
955
5578
6036
6031
825
3394
5350
2431
1948
157
1578
1654
7429
4252
7151
5864
3283
3458
5161
4411
2218
5193
3123
5125
1944
4543
3069
4461
6596
1927
4607
5974
6691
4447
1302
4069
6692
1227
7359
5023
4732
6928
5825
5458
5494
5741
5445
3728
3835
1090
2225
6129
4283
3739
7082
309
1193
2694
4978
5548
3546
7181
3107
5994
3242
6146
6786
7325
5960
4523
6416
2029
2119
2544
2017
6700
1525
65
459
6987
5962
2658
5746
5534
4317
5706
5986
3103
1396
2273
6730
6931
6161
4004
5828
5192
2122
7045
3167
4485
6996
4299
3584
3163
1232
5481
651
6513
1522
6051
6533
1569
5058
5846
5112
1567
2974
834
6165
1992
6151
515
608
5201
5603
4761
6889
4842
5604
6812
2812
2604
3574
2868
731
7273
2351
1181
1839
3670
6862
2786
3579
1056
5135
2843
7073
2873
6914
4348
6060
5452
1197
4237
3410
393
3533
5234
4725
5921
418
5787
3703
687
6487
6333
1513
4230
1939
2684
1847
2289
36
7266
72
7014
7176
6688
3502
5728
6753
4102
2477
4332
4564
4154
2999
5753
2707
4488
4808
4294
2300
400
6502
7096
5950
4830
803
3705
7068
3600
3740
3449
2746
5901
3489
5495
4819
2811
441
1840
4003
2732
5826
457
3738
23
5489
5070
6662
1531
2184
1566
3675
4956
1534
3887
3331
3961
714
7032
3274
3844
4055
837
6250
4025
300
5675
1613
6443
1755
7233
7075
7294
880
3161
6492
2113
3288
3439
2086
3707
1283
3753
1097
6084
2478
3905
1592
6821
3742
1706
3287
2132
1541
495
6417
5890
5121
6635
4864
399
6890
6606
4453
2982
6932
1482
3870
6228
3945
7193
4793
4843
1070
7255
6512
2367
1161
2493
7191
6225
4979
5054
6525
6406
2361
4153
7240
2686
2785
3353
1133
4498
3825
5569
822
2088
2838
3830
632
3196
2975
1738
7493
5004
2815
105
6109
3993
2882
6001
669
11
4211
2030
6214
75
3967
6119
3750
3744
5959
1786
3693
2201
4109
4396
6431
3121
2952
2355
6041
4944
1612
7384
4422
6797
521
630
4188
1817
3240
2206
4152
1977
7360
4274
3958
4866
1570
436
1767
247
1617
3916
5538
3432
3568
59
5916
6188
6467
2524
5898
7077
188
6113
1593
7184
7386
821
4553
1235
2475
1205
5488
5997
6163
4305
202
2677
4559
1069
1826
6220
4246
6654
3441
7122
6019
6191
2847
6491
2939
2411
6894
1121
3542
4848
3249
592
769
5260
954
6757
1660
6658
3593
2433
4981
2274
6657
1768
7249
6439
5011
6827
5027
1439
6392
2711
6952
5956
4750
2450
2014
798
5082
1132
7338
2033
6898
6707
1016
3294
5803
649
6405
6964
383
3101
5137
1386
3860
6706
5656
4782
5687
4709
1695
1180
789
7055
4711
2037
5302
3583
2578
2387
6494
7286
2972
6288
7453
3877
782
469
3537
828
1955
1024
120
6131
5510
4418
537
6838
6770
3144
1164
6081
3809
1379
544
3886
856
5957
5943
7361
4683
6154
5073
4108
1724
2110
5646
2753
3530
7058
3925
5718
4051
328
584
1004
7484
1081
1717
5594
3420
2232
5852
4749
216
5266
4987
5516
134
3629
1215
2207
6182
7285
1408
4136
6200
3927
2632
5083
2061
4672
6749
3065
29
1769
2314
2328
913
3816
1291
5813
2788
437
4209
5263
5444
3663
4840
7332
2467
40
849
2332
3327
7373
1231
6855
984
5179
7175
290
5936
6870
349
2773
7345
2849
1662
6343
809
151
2937
6576
3984
6134
2406
3576
5254
4678
1583
6368
1742
293
2116
7161
2441
6298
4243
6888
1676
212
6234
6860
388
1335
5605
7211
5609
7337
5143
3767
6646
6111
6678
1333
3088
3790
5698
3047
3894
3862
5946
31
5911
4971
6023
800
5540
1650
3009
1389
3424
6675
1244
5927
76
4296
3356
6962
5724
3191
2663
2331
6874
3418
2514
781
3149
2350
4094
1233
1140
3730
715
1455
2363
7187
6454
5977
3519
3570
345
672
652
759
3205
4133
7105
6544
7101
2706
7301
4277
5563
7415
2734
7018
4783
5385
5014
5562
7401
2304
1969
3143
5918
2690
2914
1745
5151
862
156
4472
4875
6136
1450
5954
4158
292
1634
1099
3296
3698
3820
2542
5197
1120
7206
6012
5674
424
3252
4260
7276
6206
6315
2365
1827
4385
6846
2281
3539
4032
4199
1952
1870
6690
5132
1515
1356
6338
7204
1935
3321
4571
6723
5270
409
6818
121
340
481
1008
238
7207
4860
2278
6422
210
855
5365
3290
1530
2958
7407
2496
1187
6305
1214
1360
993
6879
3899
4921
596
4930
5497
3507
1499
949
4624
4091
3231
3548
3453
5522
1646
1230
1218
3023
5606
1393
4067
6118
494
1819
6911
7262
5791
1536
5327
7062
3655
3689
4242
6083
2722
6845
2717
4510
2409
1236
3883
509
2089
5474
204
3659
552
6503
1100
28
2508
6664
4578
5781
3141
4023
5694
1514
6069
1201
6316
1973
5840
7450
4595
5229
7194
6837
4792
6126
548
5478
6587
5692
179
5519
5818
5072
778
2053
3937
787
4185
2107
576
5477
5091
865
6498
4168
4303
5860
321
1147
6369
3818
5401
4477
7289
1223
4487
346
4922
1910
3839
2825
2678
244
3616
1062
6166
1495
3407
1259
7270
1666
7246
3037
2949
5341
2610
291
2993
4028
2965
6594
5925
3940
5567
3307
43
1039
6501
2424
412
2497
1906
2675
2649
4476
48
5868
2883
4316
4882
3717
3312
3601
4818
3766
1073
4324
2720
3499
815
673
6500
4402
1210
5160
4757
6403
2307
4637
130
1404
343
641
750
3765
5991
5378
5586
5715
502
7116
4652
6645
514
788
614
4027
5456
5752
6586
4517
6054
5066
2741
927
2528
4616
5315
4788
7392
3072
3365
5909
6728
2494
2420
2138
523
288
5134
519
2631
5799
1606
4881
4540
3785
6750
109
2415
2335
5253
4960
3366
2408
1683
5920
5958
2869
6630
2428
1874
2083
5970
6620
7227
5402
4586
2681
6612
3547
6302
1794
5978
3102
3218
5836
2154
6651
969
2353
6877
5690
2378
7483
171
7214
7405
1580
1963
5384
6767
2842
4568
3612
6514
6764
382
6073
5459
1174
5056
3093
5599
7464
3994
1093
3151
3822
2922
2309
5451
5218
2075
668
6423
1844
4480
1465
2323
3298
3543
654
6517
7455
4658
2890
4698
5505
6296
1960
870
7002
1831
5220
92
5907
2719
1614
732
7028
6483
5113
5579
4824
6714
5800
433
3282
5485
3254
2181
256
7135
3733
4653
3188
5784
258
1063
2591
4719
1887
3527
6020
6840
1334
2530
1479
3998
1434
7382
2047
1031
4107
677
1278
3000
3235
6452
1298
3075
2737
2921
3658
5922
2005
2978
6287
7346
5513
2448
4623
7271
7284
1830
1535
4801
5319
5377
1571
1226
6745
5862
6419
60
4798
3445
6344
5561
5025
5848
311
2008
3995
3550
6785
4210
4985
316
4220
2160
1288
1198
7113
1023
4379
6776
4232
1771
1301
1091
7256
6637
4263
6346
1186
2506
1665
6021
3016
4961
336
1022
4611
7212
1373
871
5554
395
3781
1635
3969
4747
4470
443
4442
6257
2603
1359
6792
5114
1141
5339
4024
6095
2502
7365
5764
3561
2189
999
3845
6537
3386
303
214
4692
650
4182
3801
2577
483
7138
717
5895
4628
6527
5929
5
5790
3795
1103
3741
3435
2032
7199
4647
1166
5723
968
2979
1586
128
6362
2395
3376
3371
4264
3062
2370
1076
6072
4151
4723
215
2100
5267
1932
1843
6938
860
3490
6303
6034
7231
5237
3261
5661
7396
6616
5371
2176
4271
3168
6424
4278
511
5363
3460
2109
2249
39
574
5789
3156
801
6673
3106
3736
5937
1558
5347
655
6652
5067
4527
6697
4469
3430
4525
6973
1196
557
4873
6835
4740
2970
4886
5679
6285
4599
6116
2887
757
2802
3297
5973
4706
4335
2716
6699
6712
5361
1491
2105
7315
268
5318
3042
4734
7159
1933
2305
1406
2486
5250
4189
1043
1409
4838
4701
2962
2834
213
7129
1327
3901
3210
7376
1352
7313
3362
6589
5875
7218
5081
5324
6331
760
1557
2966
4579
887
7163
1795
5751
6807
4033
4462
1897
5047
2043
4993
3831
844
7305
728
5238
1222
4175
2166
572
3992
6107
653
5447
3127
7092
6138
2534
4155
4935
768
7436
248
5185
5785
4569
2141
3055
27
6519
535
4777
5658
3786
3300
6760
6683
1497
5537
4941
6003
6722
1860
6156
2489
7195
2097
4865
3508
1484
4043
5788
2085
4122
6181
858
4377
2909
413
6621
6472
1720
7399
2156
3605
385
5042
398
19
2841
2801
2326
5503
6980
5040
6524
3084
1572
591
6497
3373
1047
3906
2519
6093
861
3715
1124
2821
4337
1280
2062
6685
1507
6763
3110
6948
5207
2518
4644
368
5194
1410
1740
2683
2955
3627
6782
7347
3428
7157
4072
7041
1303
4026
5597
6484
3565
5278
1347
3035
5097
6902
2330
3630
1970
3194
1892
2739
5303
4687
3013
5934
6793
4665
5831
2828
429
1733
5566
4778
4371
1378
1182
5117
3164
7424
3859
1106
1978
4198
6960
6053
5582
1914
1267
3285
254
6130
6210
3039
6312
5711
6557
49
26
3974
199
2369
3310
720
7209
3902
5057
6839
2348
3864
2112
4596
3295
4451
1123
6388
1142
4635
873
3685
2961
4904
6358
1153
6732
1602
2173
1115
5412
6859
334
2244
5210
3987
3946
2866
6704
3111
405
988
5268
2726
7311
3137
2144
4926
567
7095
7076
1098
7144
517
7500
2552
5717
1820
1451
2175
4398
1452
5019
3731
3320
6361
2526
1427
1867
53
1478
4951
6806
3328
5298
1264
5168
4365
711
1045
3841
1899
2588
7457
6941
6048
1261
5012
4200
3117
4350
2867
6580
3778
6946
74
5792
6383
6353
739
1961
2605
1080
1812
5760
2245
326
2929
1968
7123
6105
4837
6950
3324
1405
7326
4039
2945
683
1089
6778
4714
5900
5466
6304
2276
273
5149
4947
5284
1228
4389
7219
3244
2615
692
4376
7091
4174
5651
5832
7422
423
1938
6989
1273
2169
446
1493
5311
4888
428
1415
748
141
6477
6609
5018
1168
7333
6412
3440
3999
195
323
269
5989
1139
1693
4557
100
1341
3330
1113
3484
5230
6378
4016
2012
2795
545
2593
973
4486
3674
983
2264
805
3691
3264
3209
5855
4790
4869
666
7287
1131
3572
2559
6843
6957
5819
2703
582
5351
1305
4912
133
3643
5338
882
6949
2900
4145
2948
1049
1838
2541
234
786
491
226
3050
2379
5251
1340
4281
4360
4355
3912
3908
2460
2738
971
6561
1743
3175
4694
772
6715
7
3496
724
1999
6713
5258
2927
3414
4065
5639
4369
4910
1626
1890
4306
6887
3291
6541
3068
5827
3131
2742
1919
3535
2728
7485
2368
335
6124
1712
5181
4415
45
2080
415
7185
4432
2121
5761
6627
3996
116
1028
4110
6144
4854
3008
5502
4164
4496
2960
2910
2590
1421
5574
4533
1888
194
70
2031
2393
1677
3613
6043
1701
7009
1600
2697
7080
4079
2777
5053
3898
4724
2953
609
940
4378
7057
6534
7250
3197
729
4301
4627
1687
2705
3071
2792
546
5484
4375
551
7222
3192
4920
903
6470
266
3311
4802
5736
5653
4408
1540
3650
1871
3082
5878
4019
1990
4291
1922
2158
4759
107
6150
2860
3814
2076
401
2861
2674
2794
4395
7430
5564
2898
923
2507
6831
3900
6773
6229
5629
4089
205
811
102
2693
5722
2231
7067
1252
5705
5737
3401
5146
2609
4399
1118
3963
1295
6947
500
4918
6160
2669
6842
2666
2405
110
6798
1268
2875
3165
5628
5647
7380
2504
3960
749
5152
4249
1477
1054
3475
644
4846
1552
570
5246
2101
3270
2153
2418
4680
2302
1440
3812
6244
4289
6189
6125
966
2124
3793
5036
1383
6611
5801
7264
6002
3049
920
7137
6407
1403
2301
6320
1859
1019
6438
4353
4063
3712
2700
5344
1689
4309
4071
4648
6944
943
5951
6254
2443
34
2754
7084
4046
91
5332
4597
6266
3033
6695
4456
33
7452
2357
2095
5575
890
1501
4433
4179
6727
7001
2151
1993
4467
3172
2600
355
5904
1138
4671
108
3247
5017
2932
5515
5602
5442
3166
3116
2339
3148
3636
4932
4876
3856
1316
1400
6955
1918
6684
4473
2688
4450
4075
6194
938
1641
5765
2715
6511
1190
4123
3098
3363
246
3752
847
2637
3538
5992
1780
756
2288
7165
1949
7203
7427
3800
991
829
4372
295
3329
6939
397
4014
7134
6479
6850
5415
6679
3923
1894
6384
6085
5596
7356
1422
5961
4034
814
192
1370
2322
3444
1355
6965
664
475
4815
985
3154
445
7125
5906
2161
2178
6566
123
3217
4273
5300
2550
6265
4594
348
6687
2831
7372
3258
1834
3518
2990
1589
2500
4774
2476
1624
6647
5619
4604
957
914
1486
4244
1872
3076
3681
7189
4973
1119
6588
1270
5123
1798
6901
2529
4195
4900
1658
5942
85
7406
7104
3128
2430
635
681
227
4608
1584
6213
965
2063
1764
62
2394
6942
6309
2891
1067
3277
332
3632
4406
3342
5450
6526
4490
1966
54
3711
3524
2846
257
4572
7327
1823
2767
2662
2174
7035
7291
103
422
5793
5642
7234
625
4917
518
5285
66
1856
1735
4279
1627
6641
4883
2989
3006
6140
961
7296
6703
1
4361
6349
3335
3336
4504
3897
1322
3272
4352
5532
713
7170
3637
5565
767
3606
2546
2660
4239
1212
6178
2171
2743
2557
5035
5295
3850
3654
1752
3973
6473
6506
738
4656
3375
2913
6308
790
5200
1375
1127
6963
1703
5492
4127
6523
900
1673
3942
3219
115
1040
3551
2545
5374
5109
3269
1715
5697
4945
5809
5074
1875
5584
1343
4716
6174
1274
4128
359
2775
7242
6571
2973
5050
1463
3125
6066
3635
2162
1293
3323
7118
5625
7334
5678
577
578
3596
6086
4934
1249
1714
3308
1950
4629
7066
3563
5769
4328
1178
6603
2098
3438
5648
3415
6481
1916
4342
285
1380
6247
1160
580
7269
2889
3179
4218
3774
3354
6476
4997
4124
7367
4169
547
3682
4018
2342
4407
1657
6509
2185
1358
4293
454
5104
6209
4104
5105
6634
4639
13
6582
6445
7410
5894
4710
4416
1865
170
3773
5624
5501
6284
4909
2574
7020
4610
3054
5822
1195
3396
1084
4996
4532
3467
1895
1869
555
5274
5084
1645
1419
6988
5334
840
3802
1266
7148
979
310
2661
1710
853
1921
5511
2645
2888
2059
6337
6828
2258
5139
980
503
414
3755
7293
2183
1591
2024
6972
2568
6185
2436
1428
4001
6246
6351
3934
5424
1462
50
2804
1579
1430
4444
1642
1453
1958
2290
2687
1239
5882
1931
1649
6195
1692
1920
5373
7164
3364
4931
4939
4867
5252
7486
2143
6102
3155
2308
7093
7196
3873
4622
6122
726
4339
6078
6623
4178
6552
659
2996
5851
6731
4591
2025
1772
4502
3610
2187
6970
5156
2916
6522
1803
4632
2560
7323
377
3498
4807
3189
3253
4676
4677
149
4425
2327
843
3040
3652
4167
4878
3229
3764
1037
4251
2983
1678
6549
4007
5823
2724
4064
2404
543
1741
2950
4455
7468
6682
3722
2149
6184
6097
2766
339
6103
360
6173
4288
881
3625
5869
2505
2836
1418
2186
4515
1995
2416
1311
165
2954
5557
6954
298
5996
2204
5949
7217
3471
281
126
7030
302
274
1353
357
7059
629
1304
2219
7140
2247
6386
6128
6917
4537
5863
3437
2125
5030
6892
6040
5080
4191
981
1183
3262
525
3145
2553
5734
4100
276
7039
922
6271
2797
3246
3571
6659
6063
3181
7251
299
4695
867
2894
4696
6719
4580
3562
3694
7205
5612
5095
6528
5968
5592
7421
7466
1630
5859
6945
1170
4657
7224
3388
6784
5421
7303
5709
5416
4950
87
2130
1365
306
3286
5314
7102
3903
1128
7398
5664
4541
1445
1407
5389
1556
2924
3275
783
78
5850
1832
504
1194
4562
1575
419
2015
3688
4428
1682
2696
3322
1050
7418
6187
6689
605
676
7470
5749
2284
838
2761
2336
3810
2997
1527
4847
4052
1309
989
3933
1643
3950
3389
6674
1729
4717
4664
1877
620
2971
758
4560
4556
4135
6876
2073
1563
4567
6768
3299
2280
4998
1066
7279
5888
1853
2872
3245
1488
1945
5757
5009
7471
1544
4103
6643
6507
5129
6171
7451
4679
3680
4906
5075
3349
2227
598
3447
4972
3104
3702
4544
198
79
3423
3452
6077
1145
1633
6050
5712
5588
998
6601
6055
2172
2547
371
486
182
7449
1747
4494
7160
2092
4388
4322
820
5866
2094
5203
3794
3920
1797
2048
4650
3686
7162
6921
4588
5665
3492
1846
4963
512
3184
701
3641
4085
5806
7463
4868
7117
658
4403
6833
2744
824
3607
1915
117
5449
765
3796
173
2320
5305
6885
5952
2036
143
4300
7087
5638
6461
6224
154
5345
142
3626
1449
5798
2648
5932
3672
2602
3608
3646
5804
1289
869
6158
850
4420
719
2157
5259
1467
1417
6219
4722
220
2874
6681
4181
153
3211
893
5795
792
1577
2906
2055
1725
1238
4530
4362
7153
7090
7247
4743
2752
7443
6203
2292
1281
5756
7260
2731
3405
3481
6597
6614
2876
4858
2745
1219
167
4862
4919
5205
2776
4737
2619
1401
4048
2251
1902
2782
5600
5437
1861
6167
7302
5654
3749
1030
4820
452
1129
5635
4619
6458
2988
6909
5184
6415
1272
5587
4735
3302
7012
5061
1905
866
1213
3100
3225
1339
6390
3355
5243
1694
3486
2210
2237
1573
7050
696
2621
1369
3503
2466
6551
6404
6314
2865
2915
5556
3833
877
5032
5735
183
2995
1858
3718
3876
4497
4105
3723
1257
5778
203
6924
2022
6222
6880
7408
4626
1866
2135
6625
5885
2585
6593
7459
6736
4924
660
3520
1605
842
5750
6148
97
2627
5440
3079
5480
3466
1172
930
7477
6607
3317
1554
3726
1971
1216
370
68
3124
505
513
6893
712
7180
2796
2060
4641
3555
3938
3970
2586
6853
5188
2482
111
3922
848
4638
896
3479
5016
1632
2254
416
3027
6556
4045
6374
6427
4314
3893
2749
4121
1991
7017
3408
4096
3989
2765
1655
5475
2612
6070
2712
5100
1667
4285
372
442
2398
6197
3233
432
935
6370
2412
1789
1157
6977
1686
3402
1402
2483
7145
5899
5322
6925
5747
4446
318
996
5853
2691
707
6387
854
6696
524
2337
7230
3930
7300
6598
2944
2892
1423
6330
4902
1384
4614
6029
6164
6014
4771
960
1483
3157
6985
6599
6653
6434
2129
6857
2845
3874
3413
2798
5657
587
6666
2824
5593
6437
836
280
5486
2598
7259
4092
7432
2878
6799
5815
5464
3871
2513
2058
2599
243
1898
5007
6307
5296
6854
7482
4901
6585
5127
6805
978
3569
1730
2903
2262
6183
5780
7000
5721
434
4434
794
3604
260
4318
5919
4776
1000
3982
516
562
5655
818
6478
3642
4226
4171
1845
6895
6871
3997
2947
3748
6581
7419
2942
2084
4522
4520
6485
3624
439
4718
4000
2579
2479
1429
3515
3828
5131
5049
4144
4412
6774
6545
7036
2622
2561
1671
3549
1621
6779
2503
7182
3105
7320
1965
6518
3590
7258
4859
7154
5310
2881
7377
4424
4829
6274
7489
5935
3273
4236
7390
5500
3872
6465
6028
3024
5659
3501
5039
1125
2498
4468
5542
6737
5189
6120
4499
2733
6391
3679
3577
6558
3268
5096
1850
2056
5372
4116
3248
4751
6261
3393
1377
7079
4380
3954
186
1964
7378
6865
1034
1095
6042
2069
5255
722
1851
6610
449
7063
241
5998
3581
3528
6318
6175
5085
2140
3516
3200
4235
2137
3511
7381
2007
63
2242
4609
634
4630
5247
3284
7188
5289
753
3046
84
3171
1438
2818
6410
3301
3789
3465
77
5585
4312
3896
5245
5208
4992
6872
175
6769
2427
6453
4684
7139
3263
2790
4806
431
1446
3737
4113
4160
6622
1151
1998
5933
6772
5660
1466
3588
2459
5684
7494
4786
6686
3792
3005
7420
2959
5521
2238
1896
4086
2079
4739
2968
2643
5167
4703
3504
7340
2093
770
2587
7143
4887
389
5512
5281
4229
6099
2791
4367
5467
1884
1508
626
3566
1279
4707
6912
4704
4983
5627
104
176
4566
745
6720
5264
4551
5071
6363
231
5738
3639
946
2148
2934
538
4397
5158
2374
2789
4914
7480
5465
1873
5293
1021
611
2992
7131
144
5773
4663
3215
3847
1351
69
7351
1526
4524
1903
3397
1941
1387
1805
1639
6448
6325
4721
1155
4308
1705
2940
6098
7358
7042
6273
5248
5443
466
595
6672
5078
4582
1679
2780
2807
6499
6469
2991
3622
2306
3580
3720
3241
5076
3939
3381
3372
2447
631
6915
4536
5353
282
6425
4093
5033
1597
2235
6249
1700
4258
5805
4
5677
2313
6826
1468
1126
4763
972
1328
5454
4775
1974
4031
7414
4481
7034
55
4193
2806
2984
3514
3470
7089
7243
694
550
361
6629
7155
1297
6803
2808
1242
4170
3425
2501
1959
3129
5490
1007
1036
5171
990
4546
4942
4347
5369
4267
6968
763
5874
3834
7109
5835
3094
3220
6863
94
6848
3
4861
99
2911
895
1787
1492
5391
6208
4240
166
1116
5782
4368
5671
6299
4441
4142
4764
3843
5623
1663
379
4583
1509
5849
147
697
5662
228
362
795
4431
4366
4282
2863
5228
2223
1366
2146
3025
1611
638
776
5568
6906
4015
5010
4393
7022
404
6207
5357
7331
5261
4201
4493
329
4454
2324
455
7369
1012
1610
2941
2263
2388
3955
5219
5241
5331
488
4427
4738
5616
1071
1476
7400
6030
7442
941
3665
2265
7048
1338
5980
1432
2567
6698
4215
827
799
6049
2515
222
5891
1381
5893
5180
746
1882
7248
5796
4697
3575
4642
6114
2844
6025
259
2536
7152
4925
6177
4565
6591
4940
7024
1957
3746
3884
5897
6240
1331
2087
4863
5316
2045
493
2857
3597
5169
3941
1092
2407
5191
6708
1144
2371
2458
617
4463
1809
2839
6275
5358
6983
4311
5405
1086
5666
918
7088
5354
1518
3014
6868
2034
3573
1994
1087
6560
2240
2375
4990
1053
2426
3265
132
3978
4250
1545
2527
52
2538
6505
4458
5889
1719
4383
6746
6291
5707
6211
7497
1059
4491
6780
4768
3266
492
1498
6573
5507
4466
7132
6010
1640
169
3126
6734
3239
240
5044
7141
6357
5794
3892
7277
6221
868
6705
886
4575
3921
741
3928
902
560
839
6743
6567
1319
7226
3221
1564
5328
2606
6565
1263
3536
1390
4528
5411
5470
2760
6038
5680
1217
4349
4760
5473
5527
3770
2809
872
3170
1354
4669
2462
4892
2194
2856
2735
1702
4083
3276
5607
1696
1188
1821
2421
3959
1472
145
6340
4292
1529
2452
5317
1457
4700
1454
3865
682
4693
3673
4448
2446
208
6463
480
7031
6180
2879
6694
4712
5770
5206
2221
2248
5733
4982
4321
5971