355
2450
1578
948
472
2411
685
342
332
1392
1020
596
904
1794
927
1874
634
1515
535
994
1442
670
495
1459
2088
142
2431
912
2126
2172
801
620
664
1284
1740
1701
1388
2486
403
1481
1492
2424
2157
1689
2232
1333
446
1665
2277
532
329
1229
49
411
1013
2386
2209
1418
1675
2308
574
452
552
1592
2193
2124
240
1944
224
88
1439
2488
223
1356
484
2160
1643
1622
353
463
1258
2408
2304
1087
1053
1158
646
1747
1180
1649
1128
1851
1734
737
829
2389
1460
2143
2426
1764
1702
1555
1443
1409
1313
2002
1914
2326
1500
776
2289
284
2094
1657
458
293
2297
819
173
881
708
253
468
676
2184
1897
1343
1894
678
1164
1277
117
1877
93
1216
1072
2400
1381
999
2281
1505
415
1556
1510
2387
2330
652
1366
1426
2025
1946
1351
522
2286
41
2475
1586
94
435
894
510
1018
821
1169
2456
576
860
443
239
1609
1981
612
118
966
545
1177
1297
2222
1011
889
2492
807
1148
1904
2077
2491
1397
2348
1141
1251
263
288
573
2093
1256
2081
523
255
754
298
1423
785
2085
235
1810
1517
248
1685
1843
1677
159
1056
1699
1190
366
326
1974
1126
1939
186
365
123
647
918
688
2078
1508
1935
1964
1613
1814
190
812
1344
519
1976
2090
1577
720
206
1737
451
1950
2354
1686
2458
1239
1320
1187
815
7
1775
1982
1542
1842
1315
1412
2007
1118
267
746
694
1762
2413
423
1393
2097
757
1355
1552
1834
512
2076
2100
2434
848
1066
107
121
1368
769
1188
1454
137
351
389
1491
797
128
247
866
1509
1819
112
2003
1678
2362
1362
633
1071
560
2261
834
303
853
1176
2240
184
572
312
842
1444
1040
962
1318
234
2142
2120
542
1560
1543
1683
59
2333
258
208
492
1933
1629
373
2169
1032
15
1037
125
261
1947
1742
2483
1039
1004
1793
1036
228
1668
1197
661
2295
2180
5
429
2205
2262
2454
628
1932
1626
629
579
1247
1235
1812
1978
356
221
917
1482
2188
1601
363
531
1983
1544
74
2299
1495
1050
1911
550
2112
1759
947
358
1823
692
1402
2181
437
1905
2135
2481
1903
2079
1204
509
854
104
1348
1679
1941
441
1145
181
1493
264
2041
1068
1456
182
1167
260
1862
1215
2146
2086
655
11
631
2058
2324
738
507
1652
1441
1885
1902
1370
1451
1233
2102
2075
1062
2051
2258
2156
1019
2305
606
662
1497
782
1766
2441
1076
339
1149
564
867
1567
2451
254
2171
1887
1059
2314
2032
909
2054
392
445
1533
666
873
1855
618
722
1110
1618
1724
1045
1430
2382
362
2130
294
639
1922
1230
1473
1694
882
319
1821
1300
417
480
217
805
171
950
2114
1485
114
1989
855
155
1985
774
1353
1174
1642
2377
799
575
755
2466
1001
1630
718
130
1052
779
1299
1303
1132
1818
777
281
1596
1200
2270
1225
1703
1527
656
2220
619
113
1227
1659
838
2347
2442
390
1403
1487
1070
2352
90
919
2256
599
1328
2322
2191
1033
58
2216
272
726
506
871
2489
1199
2355
2137
1627
1746
1632
749
2000
1191
2020
2372
1990
1656
1606
548
984
1395
503
215
2231
1413
2357
8
1698
1337
124
1889
2064
494
1790
276
565
1016
364
2230
2053
233
1571
302
651
922
1538
960
969
518
2242
690
1768
704
1065
1787
983
529
131
568
1635
903
1105
990
250
82
2072
387
50
698
750
1457
1387
1025
847
2071
826
2448
418
1394
1900
1086
1968
2438
2341
421
149
2186
1638
742
1912
1931
2243
2403
539
1667
481
1244
601
1705
802
1391
2480
1108
1873
928
2218
209
110
1411
1131
2210
1279
496
856
2484
1861
1008
2469
2325
1346
1341
1090
1611
1276
1089
2183
1557
1437
471
1222
1504
1513
493
775
201
1863
462
1937
1099
705
120
2375
1841
286
1954
1410
875
1564
1428
1704
953
1365
2359
447
1782
1853
2452
2061
455
1864
706
134
1084
2134
921
25
402
2030
1784
1788
2499
1194
1916
1761
63
262
2059
1345
212
1676
1202
1547
1192
1789
2360
1866
368
2214
1358
2021
1094
1178
2338
1565
1175
1096
1026
2313
831
442
1910
580
2282
177
161
489
370
1825
1641
2190
1400
256
1918
1352
549
405
1404
1139
508
578
23
1605
2388
2203
2335
501
607
711
328
1005
1425
2337
876
2257
818
1913
1101
2351
2446
740
985
2280
381
1307
761
2217
139
1147
1374
1926
1386
1770
2153
1291
126
1718
1896
450
2111
971
1288
169
1010
1750
1713
346
2009
2239
1421
265
1445
2198
1035
712
2461
594
1373
1093
558
2371
590
2115
899
516
399
2080
231
2066
592
2397
108
1749
2121
1483
438
790
1576
1917
850
1135
603
864
2329
1201
2104
2082
459
2343
1880
1116
1401
1957
1640
2052
893
157
1267
1207
896
2154
1602
2367
1697
1710
1302
500
957
386
2421
915
526
1179
1238
388
667
1127
1792
464
1424
2463
700
2170
998
1432
1034
888
1085
34
30
1332
593
1919
2374
357
1934
72
648
1654
2467
2060
2027
2145
2494
1589
269
2307
640
1506
792
160
1002
2091
1631
1535
1881
987
1869
1781
753
756
1739
715
321
1624
162
1999
827
1468
2301
1369
941
2435
1123
485
1171
2444
1653
892
1736
764
2132
2151
2103
965
1349
2141
1979
2096
1193
952
1859
959
35
1942
900
1231
2174
226
1494
2026
679
504
1785
1316
520
736
717
2248
47
106
1545
1988
2342
2116
836
473
1831
323
2336
2136
2241
1453
2320
1498
1151
2410
974
1836
1120
13
1673
1308
2439
1844
56
1628
2285
419
2414
1030
2310
1029
1804
538
980
205
2394
136
541
929
1347
1625
1648
1134
1858
1184
1802
874
2487
1003
1314
1664
772
2005
1996
1390
213
440
556
716
29
230
1875
1923
1319
1060
330
1095
359
709
202
2213
1570
2250
1760
783
2312
1336
266
1091
577
942
1715
2019
589
1075
1872
66
1306
1285
499
1479
2493
431
2024
1212
624
2353
1973
2047
1886
1031
1310
841
669
278
1228
243
2364
1561
885
2015
2063
2158
536
1852
1850
175
1890
1728
887
2482
2034
955
2014
2321
86
956
2464
476
138
1867
1219
287
1915
448
1893
809
2399
1322
1168
1137
1452
1292
1189
148
478
2358
721
2219
2339
20
1949
404
557
150
2406
408
1182
1924
1729
1965
1837
2206
621
833
152
170
995
609
75
1088
252
1361
2247
2131
710
91
1899
1067
1696
2106
2042
884
883
1501
2006
879
2176
1465
1440
1580
325
747
1776
828
1743
2274
1330
1329
1808
1971
2159
2031
2473
2101
2349
767
1121
154
1446
707
2161
1172
595
1815
65
1650
697
105
1822
610
199
525
1857
2393
409
1447
1007
249
1125
972
2049
1429
1159
1499
1645
2118
2283
1396
723
2144
1572
1209
1185
1253
1223
2306
1693
1860
1305
1695
2292
868
2109
993
2430
2062
1518
324
2202
24
1205
1846
869
970
1805
1554
2291
369
1312
689
914
71
1960
2187
803
320
2033
672
477
2500
2366
133
2340
543
167
1813
1584
229
528
1581
2253
1998
1539
115
1472
203
760
1604
1350
1293
1383
1057
1021
611
924
1617
10
1281
401
745
735
976
1275
1920
1772
9
1503
89
703
778
732
2098
1712
475
367
513
581
1153
789
626
26
2476
143
1359
1717
103
188
111
1448
165
374
530
582
1593
1270
2497
2373
642
1471
839
2149
151
1670
2429
2046
898
1574
1966
627
2378
2390
1610
1955
378
1512
570
1878
1634
2229
2105
920
1909
2001
1476
1271
62
140
1340
1114
2227
1522
835
2273
1895
1249
958
1100
1466
940
733
1943
1840
1262
1984
784
1892
2155
623
702
2271
846
1475
237
1378
2266
649
1507
1161
2070
2122
1138
1357
1723
172
1809
2251
719
1257
78
2345
691
2039
759
1115
327
2356
2315
1811
21
2303
1339
1977
2017
1028
6
2474
1767
810
27
1208
2175
2167
1620
1929
1283
1143
146
2402
1399
2302
416
1806
119
1058
61
731
1672
2107
830
728
2391
891
474
933
127
1753
1073
1080
544
295
1160
379
2224
97
1582
343
55
1122
1289
2460
1720
1854
2178
660
2416
76
1006
2179
1791
1470
567
514
2418
713
1406
2164
1419
1166
96
677
872
92
1583
1959
1077
1662
1240
586
1827
52
1250
1323
352
1014
204
2038
1278
241
1263
2125
916
913
608
569
1534
311
2221
1927
135
1462
1243
43
1206
1820
1186
2212
1684
2225
1458
1266
584
1972
744
1579
2207
371
271
2379
880
1754
53
410
2293
674
1651
2415
51
2119
1888
781
851
436
1848
282
454
982
1801
33
937
657
251
384
597
1615
1928
400
2173
420
823
469
377
1012
48
680
344
2123
786
335
1255
1755
1563
2127
2369
2133
1242
566
1326
466
306
1849
1956
1551
1771
1259
1573
2045
739
465
910
1948
1260
1438
257
95
2004
1038
788
192
2318
2012
2140
191
1800
1546
2089
695
2409
2370
2037
1975
2249
1074
1833
665
1884
268
1217
1488
1046
1970
811
1265
2236
1331
1434
299
1986
796
2361
2233
216
285
245
1408
1309
2294
1958
1098
659
714
1691
19
2479
238
391
1769
1826
218
2436
2365
1107
2092
428
2332
1236
2069
1590
923
2398
729
1415
1146
1106
1980
375
70
38
1799
2129
1484
2056
591
195
1287
2196
763
643
338
2067
1220
1109
39
1774
845
198
1967
1709
2234
1603
491
460
997
1496
1221
588
2048
296
158
3
699
1562
794
858
862
1838
1154
153
422
1051
1891
2192
614
857
2168
2278
2148
1092
521
1726
222
1738
1327
2040
1489
622
1856
2095
583
632
46
1455
461
1398
1666
996
2226
1261
2044
1436
407
1598
1405
246
456
840
1575
752
315
1752
1566
67
305
1795
45
2204
1731
1595
1995
1997
1647
653
787
1474
537
1210
372
196
1680
2068
977
1463
1079
1015
1786
68
1203
2238
992
1727
1744
1991
2433
2117
981
683
967
1024
502
412
1078
406
1382
540
2412
2395
1354
654
949
2432
1296
559
1081
1196
189
376
1342
1379
304
852
604
1797
636
1129
98
350
44
2472
1963
989
166
1536
911
936
1714
1104
1372
2165
174
938
1214
2246
2028
813
673
2008
333
185
2328
270
2083
668
1711
2022
555
1925
36
1311
505
2275
663
2420
2259
2392
734
727
2128
844
925
1467
2139
534
2162
2470
1269
81
1301
1687
380
2317
1951
561
2201
1027
1420
2265
178
954
1817
1780
1876
12
1063
766
615
1952
486
393
682
1524
147
1054
1796
1241
762
2443
141
975
1690
1469
693
748
100
279
687
396
290
645
1490
99
1119
211
1868
1218
1273
430
1930
563
259
308
2284
1111
1871
934
28
354
1587
2422
14
1274
2319
163
2457
2074
804
2309
991
398
1486
554
383
176
822
1321
2455
334
2057
1248
193
2401
1700
2485
1716
2423
1042
1830
2498
488
1334
2043
2
1211
433
644
1599
641
2194
1136
2350
2254
1338
527
42
1325
348
861
585
1532
1936
318
116
1226
1502
806
1464
1380
2440
413
479
1987
1940
360
1725
2447
1124
1385
2425
69
1938
453
951
2166
897
16
1478
1049
617
1103
2405
1621
340
2445
825
2267
1213
743
701
1268
1540
1765
1232
1155
907
1803
1367
1254
1681
1173
1304
2018
908
671
60
22
84
1528
1588
283
2177
602
1245
973
1835
1530
2272
1371
425
1741
449
1945
457
2084
2245
1407
2376
2346
83
1112
345
824
1906
2417
741
1608
144
2073
2197
1655
675
1559
1364
1733
2065
1298
2036
905
791
307
1732
931
1294
1162
817
187
1553
1719
2298
944
1514
2269
1520
598
300
2013
2263
244
483
1163
1523
1688
2334
1181
770
865
1102
301
1773
1633
2023
2368
297
2235
1658
773
2496
101
1516
961
547
2453
1290
637
2385
1921
1295
1157
275
207
2152
1480
331
1597
2287
179
1682
684
1113
1082
1144
2428
18
630
316
930
37
77
482
426
1000
444
347
658
1816
1433
1521
1619
1568
361
932
1548
2087
1549
2327
1041
210
771
1751
2138
2331
650
289
605
2055
214
2185
963
768
145
696
1023
1416
1591
2147
2264
2296
1953
849
470
1600
625
926
498
349
2384
1829
40
2465
1282
2199
2279
1612
524
1550
1907
395
2344
382
877
1047
274
2288
1237
2150
467
1883
2471
32
978
517
2490
2099
1130
1083
635
1414
1431
434
906
497
780
1117
725
2495
562
1674
1882
337
1449
1962
1195
1646
939
2300
2363
1142
336
317
988
546
943
414
1845
2268
4
1558
2407
1
1252
2200
2163
1511
2311
490
895
2110
2323
1150
183
132
832
1623
31
1363
765
1234
2478
2276
200
1798
1198
2404
164
1170
816
1043
843
820
1017
758
313
1758
2437
1009
1828
1389
2211
681
724
808
814
314
1722
1450
1607
795
1847
1748
1133
986
1022
1616
1585
878
80
2316
122
2016
1708
1824
2189
1335
1317
1097
1763
2182
2252
54
1384
870
129
613
1993
292
902
551
64
85
1721
309
225
1637
1461
232
291
1756
1286
2477
322
273
1280
1969
1417
2237
394
890
341
2459
236
2419
964
863
800
2462
2244
686
515
1272
397
2029
1264
600
2380
837
220
156
168
1639
2223
1569
553
1839
277
2195
945
2290
1526
1745
1660
197
1140
2215
1152
1706
1055
1961
2011
1783
859
310
616
1048
1156
1376
2108
798
1183
1594
2383
1730
2228
439
1757
1541
1669
886
1531
219
1064
227
1992
2255
280
2381
2050
194
1324
17
180
1537
1525
79
1865
1224
979
2208
1435
1044
1644
424
511
1663
1614
2035
1375
1707
1519
73
587
1165
793
385
751
1246
533
1377
901
1879
1807
638
2113
1901
571
87
1779
1778
1529
1994
1735
1069
946
1832
242
730
1477
109
2449
427
57
2468
1360
2427
1427
1661
968
1636
487
1422
1692
1898
102
432
1061
1908
1671
1777
2010
1870
2396
2260
935